52 49 67 71
71 49 87 71
130 42 145 65
145 43 159 66
159 42 173 66
172 42 188 66
221 50 236 73
239 50 255 73
302 44 315 66
314 43 329 66
329 43 342 68
343 43 357 67
71 113 86 136
86 114 100 137
134 104 147 123
146 103 160 124
160 104 172 124
62 176 75 194
75 176 88 195
86 176 101 195
144 186 157 205
157 186 171 206
62 248 75 267
74 248 86 267
86 248 99 267
145 259 157 278
158 258 171 278
280 240 287 259
286 239 295 259
294 240 307 260
306 240 320 259
429 240 438 258
437 240 446 259
446 240 458 259
458 241 469 258
62 321 75 340
75 322 87 341
86 321 98 341
143 331 157 351
157 331 171 351
203 306 217 326
216 307 228 326
229 308 239 327
354 306 366 326
366 305 379 328
378 306 391 327
197 119 213 143
268 119 284 146
347 120 362 147
346 193 361 215
269 192 284 213
346 264 359 286
195 264 208 284
196 192 210 213
419 192 433 214
418 120 432 145
