112 304 121 318
143 303 152 318
132 304 141 317
175 303 184 317
164 303 173 317
207 303 216 317
196 304 204 317
238 303 247 317
228 303 237 318
259 303 268 318
270 302 279 318
291 302 299 317
302 302 311 317
323 302 331 318
333 302 343 317
132 335 141 349
164 335 172 349
196 335 205 350
228 334 237 349
259 334 268 349
291 335 300 349
323 335 332 349
366 303 375 317
354 303 364 317
398 302 406 317
387 303 395 317
429 302 438 317
418 302 428 317
450 303 459 317
460 303 470 317
482 302 491 317
493 302 502 317
514 303 523 317
524 303 534 317
355 335 363 348
387 334 395 348
419 335 428 348
440 335 449 349
450 334 459 349
472 333 480 348
482 335 491 349
141 367 149 380
172 367 181 382
204 367 213 381
236 367 245 381
268 367 277 380
299 367 308 381
332 367 340 382
363 367 373 381
395 368 405 381
427 367 436 381
417 367 425 381
459 367 468 381
448 368 457 381
434 399 442 414
423 398 432 414
401 399 410 414
390 398 400 414
370 399 378 413
338 400 346 414
359 400 368 413
306 399 315 414
275 399 283 413
242 400 251 414
210 399 219 413
179 399 188 414
148 399 156 414
398 430 407 445
387 431 396 445
419 431 427 445
429 431 438 446
163 431 171 445
152 431 161 445
101 304 109 317
81 399 89 414
69 399 78 414
81 335 89 348
69 336 78 349
69 303 77 317
80 304 88 317
69 431 78 444
80 431 89 445
80 367 88 381
69 367 78 382
