33 220 61 262
69 220 96 264
119 219 143 260
152 220 180 265
201 220 229 262
265 221 294 263
300 223 328 265
343 221 368 263
374 224 403 263
421 221 450 262
457 223 483 267
498 220 524 263
532 220 559 264
568 223 595 263
617 222 643 266
661 220 687 263
695 220 724 265
747 221 772 261
781 221 809 263
74 409 100 451
109 409 135 454
168 409 196 452
240 409 268 454
275 410 302 454
318 412 344 456
353 411 377 452
386 410 407 450
417 411 442 455
449 413 472 454
482 413 505 452
513 413 539 455
565 411 591 453
600 411 624 453
633 413 653 455
657 413 686 455
693 413 719 457
726 413 749 454
752 412 779 457
787 412 816 458
822 413 848 457
872 413 900 460
927 413 953 459
961 417 989 463
688 585 701 609
704 585 716 609
731 585 746 609
762 587 775 609
778 588 793 610
800 586 814 609
816 587 831 610
835 588 849 611
852 589 865 611
874 591 885 612
889 590 902 612
915 589 930 612
932 590 943 612
946 591 958 613
961 590 974 612
976 591 990 614
