335 194 368 265
397 194 439 268
458 198 497 265
592 191 629 258
652 191 694 262
720 191 759 261
847 186 888 256
912 188 955 261
976 191 1015 256
1108 186 1148 256
1173 188 1214 259
1235 191 1276 259
1364 192 1406 264
1430 191 1473 264
1503 191 1539 262
1694 192 1733 267
1758 195 1800 268
1824 194 1862 261
1947 194 1992 265
2018 194 2061 270
2080 194 2117 271
211 414 253 485
273 412 315 486
342 414 376 485
461 409 494 477
524 408 568 480
595 409 633 477
718 403 758 479
782 403 821 476
844 408 880 471
977 405 1017 467
1041 405 1082 471
1105 405 1141 473
1238 406 1279 474
1300 405 1345 480
1364 409 1405 476
1497 406 1541 482
1562 409 1606 483
1627 409 1668 476
1755 406 1802 479
1820 408 1856 479
1886 409 1929 477
212 629 255 700
276 632 311 698
397 627 438 695
462 626 505 698
530 629 565 694
653 623 695 694
718 621 759 689
786 624 821 689
912 620 953 689
976 620 1018 689
1045 620 1082 689
1173 623 1209 691
1236 623 1279 692
1302 624 1344 691
1429 623 1474 692
1497 623 1542 694
1564 626 1603 695
1692 627 1736 695
1758 624 1800 697
1821 627 1859 697
1908 621 1950 694
215 845 255 915
276 850 318 918
338 852 376 915
462 838 505 906
524 839 565 911
589 842 626 908
720 838 758 903
783 836 826 911
850 838 885 912
977 833 1020 911
1038 836 1086 912
1111 838 1147 906
1241 839 1279 911
1302 841 1344 918
1364 844 1403 912
1497 841 1541 914
1564 842 1606 914
1627 848 1662 915
1755 842 1792 914
1823 844 1865 914
1886 845 1927 911
1952 845 1995 912
212 1065 250 1129
274 1065 303 1124
400 1056 439 1123
464 1056 508 1127
532 1059 567 1121
655 1053 702 1126
721 1056 756 1123
847 1055 891 1126
912 1052 959 1129
980 1055 1018 1126
1111 1052 1153 1115
1174 1059 1217 1124
1241 1062 1280 1124
1370 1059 1406 1129
1432 1059 1473 1130
1497 1061 1541 1129
1624 1056 1670 1133
1691 1058 1736 1132
1755 1065 1792 1133
1818 1062 1862 1136
338 1483 377 1558
397 1488 441 1555
465 1488 500 1556
591 1488 627 1550
653 1486 700 1561
718 1492 756 1561
850 1488 891 1555
918 1486 958 1556
982 1489 1015 1558
1171 1485 1217 1561
1238 1489 1279 1559
1370 1488 1412 1564
1430 1486 1473 1559
1495 1492 1535 1562
1624 1488 1668 1561
1689 1488 1732 1561
1752 1488 1792 1559
211 1702 252 1774
271 1702 317 1776
335 1705 370 1774
459 1703 505 1777
527 1703 571 1776
592 1709 629 1776
718 1703 765 1771
792 1703 827 1768
918 1702 956 1768
979 1703 1024 1774
1048 1706 1086 1768
1173 1702 1217 1774
1239 1700 1280 1771
1303 1700 1338 1768
1430 1700 1470 1777
1495 1700 1538 1779
1626 1705 1665 1777
1688 1703 1735 1777
1753 1708 1788 1777
1820 1705 1858 1776
215 1918 253 1989
276 1921 309 1985
398 1918 441 1991
462 1918 509 1989
533 1921 568 1985
658 1921 695 1989
724 1918 762 1989
783 1927 820 1989
918 1918 956 1982
982 1920 1023 1988
1044 1921 1080 1983
1176 1915 1217 1991
1241 1920 1280 1985
1367 1915 1411 1989
1430 1918 1474 1991
1497 1921 1539 1988
1624 1917 1671 1985
1691 1917 1732 1992
1752 1921 1786 1988
1818 1927 1862 1991
212 2129 253 2194
279 2130 318 2197
336 2136 371 2198
464 2133 505 2200
532 2136 570 2202
595 2138 632 2202
724 2133 765 2208
788 2135 829 2206
850 2135 886 2209
980 2130 1023 2203
1044 2133 1086 2206
1109 2135 1147 2203
1238 2133 1280 2202
1303 2133 1347 2202
1435 2138 1476 2206
1497 2136 1536 2206
1627 2136 1670 2203
1688 2135 1736 2206
1756 2136 1798 2205
1817 2133 1856 2206
214 2342 250 2415
277 2342 320 2415
341 2350 376 2417
464 2344 509 2417
532 2347 577 2421
594 2356 630 2418
721 2350 764 2418
786 2352 829 2418
850 2353 892 2420
982 2347 1024 2414
1044 2348 1086 2418
1111 2353 1150 2417
1236 2352 1279 2426
1303 2356 1342 2421
1430 2348 1473 2423
1492 2350 1539 2426
1562 2348 1600 2423
1689 2347 1729 2424
1758 2350 1798 2424
1821 2352 1856 2423
1885 2358 1927 2423
342 2770 382 2838
403 2774 447 2847
468 2777 506 2844
597 2774 636 2841
659 2776 702 2850
724 2785 759 2845
853 2776 894 2845
918 2779 958 2853
979 2785 1011 2847
1108 2777 1147 2850
1174 2785 1218 2856
1239 2786 1279 2850
1370 2783 1409 2853
1432 2782 1474 2858
1498 2780 1539 2847
2459 2776 2503 2845
2524 2770 2562 2842
2588 2774 2626 2842
