674 202 696 237
733 204 755 239
764 204 785 238
792 205 813 237
821 205 843 238
878 204 899 237
907 204 930 238
936 204 957 239
991 205 1015 239
1046 203 1069 239
1077 206 1098 240
1131 207 1153 241
1102 205 1125 241
1184 208 1206 242
1211 208 1234 242
1239 209 1260 241
1264 209 1286 242
1173 338 1191 372
1200 337 1221 373
1225 338 1248 375
1252 338 1273 373
1281 339 1304 376
1307 339 1328 373
1332 338 1355 374
1358 338 1382 376
1385 340 1410 376
1396 428 1418 462
1371 428 1393 464
1292 430 1313 465
1316 429 1342 466
1126 431 1148 467
1152 432 1175 468
1180 430 1201 468
1208 428 1230 467
1235 430 1257 466
