282 230 325 311
341 227 384 305
466 225 511 302
532 223 573 302
595 218 636 298
718 216 766 298
786 216 830 295
852 214 893 295
982 214 1023 293
1043 211 1091 289
1109 207 1152 286
1307 211 1352 289
1373 211 1416 289
1434 211 1473 284
1568 211 1607 284
1636 205 1680 286
1700 214 1741 282
1830 211 1877 284
1902 214 1943 286
155 450 195 511
216 450 261 523
280 452 323 516
407 445 452 518
468 445 511 511
600 443 639 516
661 439 705 514
725 439 764 511
852 434 895 511
920 436 964 509
980 436 1020 507
1109 430 1155 507
1175 427 1220 505
1241 432 1286 502
1309 427 1352 509
155 668 200 745
220 664 268 745
282 664 323 739
402 659 455 734
475 657 516 734
536 659 575 730
661 657 707 734
723 652 768 732
786 655 830 730
918 650 964 725
986 652 1030 727
1052 650 1091 720
1177 650 1227 730
1243 650 1289 725
1309 648 1348 730
1375 645 1420 725
155 877 202 957
218 880 259 948
348 877 389 948
409 873 452 952
470 868 507 952
598 873 643 945
661 875 711 950
727 875 770 945
855 866 905 945
923 866 961 945
1055 870 1095 945
1116 870 1161 948
1180 870 1225 943
1248 868 1295 945
157 1095 202 1168
220 1093 264 1175
280 1093 320 1166
405 1091 457 1173
475 1093 514 1166
598 1093 641 1168
664 1093 705 1168
786 1089 843 1170
864 1093 907 1170
923 1095 964 1166
1055 1091 1100 1161
1118 1091 1161 1166
1177 1089 1230 1170
284 1516 330 1593
350 1518 393 1595
416 1516 455 1593
545 1523 589 1598
607 1527 650 1595
736 1523 775 1598
802 1518 848 1591
864 1516 907 1593
993 1516 1039 1595
1059 1514 1102 1593
1127 1518 1164 1593
1250 1523 1293 1595
1309 1523 1352 1602
1443 1518 1493 1591
1511 1525 1550 1591
1705 1518 1748 1595
1766 1514 1802 1595
1898 1518 1948 1598
1964 1516 2007 1591
2098 1518 2143 1593
2164 1516 2205 1595
164 1736 207 1811
230 1734 270 1814
291 1736 327 1814
418 1741 459 1811
484 1736 525 1816
548 1745 589 1811
670 1739 716 1809
734 1734 780 1811
798 1734 843 1807
930 1736 975 1811
993 1734 1039 1809
1057 1732 1093 1811
1184 1739 1234 1809
1252 1736 1295 1811
1316 1736 1364 1811
168 1948 211 2023
234 1945 275 2025
293 1950 334 2025
414 1948 466 2027
482 1945 527 2020
548 1950 593 2032
675 1955 716 2027
736 1950 782 2027
866 1945 914 2025
927 1948 973 2025
993 1948 1032 2032
1120 1952 1168 2032
1189 1945 1232 2027
1252 1950 1293 2025
1316 1952 1364 2030
170 2150 214 2232
230 2157 282 2232
300 2164 336 2232
420 2161 466 2230
486 2161 534 2239
555 2168 595 2236
675 2161 723 2241
743 2155 786 2241
805 2168 845 2236
930 2164 975 2239
998 2164 1041 2236
1061 2164 1102 2234
1189 2159 1234 2236
1255 2164 1300 2239
1318 2168 1359 2243
1377 2168 1425 2243
173 2366 223 2439
243 2373 284 2436
368 2364 411 2441
425 2370 468 2448
486 2373 532 2450
609 2370 661 2450
682 2375 730 2450
809 2370 855 2448
873 2370 916 2448
991 2373 1043 2448
1059 2373 1107 2452
1125 2377 1166 2450
1191 2380 1236 2452
316 2777 355 2850
377 2782 420 2859
439 2786 475 2859
561 2789 602 2859
627 2786 670 2864
686 2798 723 2864
816 2795 857 2868
877 2793 918 2870
939 2798 977 2866
1061 2800 1109 2875
1127 2795 1175 2877
1193 2798 1236 2868
1320 2811 1364 2880
1382 2805 1430 2886
1450 2807 1493 2880
2418 2814 2468 2889
2480 2809 2525 2891
2548 2811 2593 2889
