259 174 304 252
326 174 367 248
387 174 424 248
520 169 565 244
583 169 630 246
648 172 687 244
783 161 828 239
850 167 894 241
919 165 961 237
1115 172 1165 248
1181 170 1226 248
1311 167 1357 252
1381 170 1426 259
1456 176 1493 254
126 391 172 469
193 394 235 467
259 394 298 469
387 389 431 461
454 391 500 465
520 389 557 465
650 391 693 467
713 389 759 469
785 391 826 461
919 389 954 459
981 391 1024 463
1048 391 1089 459
1183 396 1228 469
1250 396 1291 465
1383 398 1426 470
1448 398 1493 478
1515 402 1554 472
1644 393 1689 478
1713 398 1757 483
1781 400 1819 480
1848 398 1891 474
131 620 174 687
196 620 235 683
324 609 367 685
393 613 431 681
519 609 563 683
585 609 624 687
646 611 689 689
780 606 828 683
846 604 893 683
917 609 961 683
1046 611 1091 683
1113 613 1161 687
1178 615 1220 683
1311 609 1359 691
1378 619 1428 694
1446 617 1491 696
1574 620 1624 700
1643 615 1691 704
1709 622 1748 698
1780 624 1826 702
120 828 172 906
194 826 241 911
263 831 304 906
383 833 431 909
452 833 494 907
583 831 630 911
646 831 693 913
711 835 756 911
854 837 898 915
911 833 965 913
981 831 1030 911
1113 833 1157 913
1176 843 1226 919
1246 843 1291 917
1378 841 1426 920
1448 843 1496 920
1515 846 1556 922
1643 846 1687 922
1711 841 1756 922
1778 844 1820 920
1841 843 1883 924
124 1050 170 1126
191 1052 237 1124
256 1048 298 1122
385 1056 431 1128
450 1057 494 1131
515 1057 556 1128
650 1056 687 1130
719 1054 761 1133
783 1057 828 1126
913 1056 959 1131
981 1054 1026 1135
1048 1057 1091 1133
1178 1061 1222 1139
1250 1065 1293 1139
1315 1061 1357 1139
1439 1061 1491 1146
1507 1067 1552 1143
1572 1063 1613 1146
1700 1067 1750 1146
1772 1063 1820 1146
1839 1063 1876 1143
1907 1069 1948 1150
259 1491 296 1563
319 1493 370 1569
387 1496 428 1563
519 1493 565 1563
583 1494 628 1561
783 1493 830 1570
852 1493 889 1567
983 1496 1024 1569
1048 1491 1093 1570
1113 1502 1148 1572
1239 1496 1291 1572
1307 1498 1361 1574
1376 1498 1413 1572
124 1707 167 1783
193 1704 237 1781
256 1715 296 1783
391 1715 433 1781
450 1707 502 1785
519 1717 557 1787
652 1715 694 1783
715 1711 763 1787
785 1715 830 1783
911 1711 961 1789
978 1711 1026 1787
1043 1715 1087 1793
1176 1713 1224 1793
1246 1709 1293 1794
1311 1715 1356 1794
1441 1720 1480 1794
1502 1720 1554 1798
1567 1724 1606 1796
1700 1719 1746 1793
1763 1717 1813 1793
1831 1717 1870 1794
1898 1720 1939 1793
130 1920 169 2000
194 1928 237 2002
257 1937 304 2004
389 1933 435 2006
456 1931 500 2007
519 1935 563 2000
650 1928 698 2007
719 1931 763 2009
781 1931 826 2009
917 1931 963 2006
983 1928 1026 2007
1046 1930 1087 2007
1176 1930 1224 2007
1244 1930 1291 2007
1311 1931 1350 2007
1435 1930 1483 2011
1506 1931 1548 2015
1574 1937 1613 2011
1702 1935 1744 2007
1767 1933 1813 2011
1828 1935 1870 2009
1900 1941 1946 2015
130 2141 176 2219
194 2141 241 2215
257 2144 294 2217
394 2146 433 2217
456 2143 502 2217
528 2148 569 2220
654 2144 696 2220
719 2152 763 2230
789 2150 826 2226
917 2146 957 2220
983 2146 1024 2222
1042 2149 1076 2224
1182 2150 1222 2224
1243 2150 1275 2226
1371 2150 1418 2228
1438 2151 1482 2225
1510 2153 1549 2224
1639 2158 1680 2234
1700 2156 1745 2231
1772 2158 1814 2230
1836 2153 1878 2231
130 2363 175 2438
198 2361 244 2438
263 2364 305 2433
395 2361 431 2433
463 2359 505 2434
533 2363 566 2434
656 2366 698 2436
716 2367 764 2438
783 2369 820 2436
917 2366 956 2431
978 2369 1023 2436
1044 2372 1086 2438
1177 2366 1220 2445
1244 2373 1286 2445
1309 2373 1348 2444
1438 2370 1481 2448
1505 2377 1547 2450
1567 2380 1602 2450
1698 2377 1742 2455
1766 2375 1811 2450
1827 2380 1864 2448
1894 2383 1936 2452
268 2793 308 2863
328 2788 375 2865
393 2785 438 2865
526 2785 570 2856
591 2794 633 2863
654 2798 693 2867
787 2794 824 2865
850 2794 891 2872
909 2802 948 2870
1039 2796 1087 2876
1111 2802 1154 2878
1176 2807 1215 2872
1306 2809 1348 2872
1369 2811 1415 2887
1433 2815 1478 2881
2409 2806 2454 2881
2472 2807 2513 2881
2533 2804 2585 2880
