13 97 27 121
29 97 47 122
49 97 66 122
74 94 91 119
91 93 109 120
111 94 128 120
138 94 153 120
156 94 173 121
174 94 191 120
199 95 216 120
218 94 233 119
237 94 253 119
263 94 278 117
281 94 298 118
300 94 316 118
324 93 341 118
343 93 358 117
11 130 27 154
28 131 44 155
46 130 64 154
72 127 89 154
92 127 109 152
136 129 154 153
154 127 170 152
171 128 189 154
198 126 214 153
216 125 233 153
234 127 252 153
258 125 277 153
278 126 295 153
296 127 315 152
323 125 339 151
342 127 357 150
360 126 375 151
8 162 26 185
27 162 44 186
44 161 62 185
71 161 89 186
90 161 107 187
108 162 125 187
134 161 151 185
151 161 170 185
171 161 188 185
195 160 213 185
215 161 231 186
232 159 249 185
257 160 276 184
277 159 292 183
294 159 311 183
319 157 337 183
339 157 354 183
356 157 375 183
71 194 87 219
87 193 106 220
106 194 122 220
131 194 149 217
151 192 166 219
167 194 186 220
194 193 211 219
211 192 230 220
230 192 247 219
256 191 274 217
274 192 290 218
292 191 309 216
318 193 334 216
336 192 352 216
354 191 371 217
68 226 86 250
86 226 105 252
105 226 122 252
129 226 149 251
149 225 166 254
167 226 186 252
193 226 210 251
211 226 227 252
229 227 247 251
316 223 332 250
335 224 352 249
352 224 369 248
312 254 330 280
331 254 347 280
351 254 367 279
0 1 16 23
46 0 61 22
66 1 78 21
83 0 98 22
110 0 125 23
129 0 144 22
147 0 161 21
