25 58 41 80
44 58 60 80
64 58 78 80
89 58 105 82
109 59 125 82
128 60 143 83
155 59 170 83
174 59 189 85
193 60 208 84
216 60 232 83
236 59 250 83
255 60 270 84
281 59 296 84
300 59 316 84
319 59 335 85
345 60 361 84
364 60 380 86
383 60 398 86
409 60 425 85
428 59 443 87
447 60 462 86
473 61 487 87
491 63 507 86
509 61 525 87
536 61 551 86
555 61 571 87
574 62 589 88
600 62 615 88
619 63 634 88
600 95 616 120
619 96 634 121
637 96 650 121
556 95 572 120
574 94 590 120
536 95 553 120
492 94 509 120
512 96 527 120
474 95 490 119
410 95 426 118
429 95 445 120
448 94 464 121
348 94 364 120
366 95 382 119
320 95 336 120
302 94 317 118
282 94 298 119
218 92 235 118
239 93 254 119
257 94 272 119
157 92 173 117
176 93 192 117
195 93 210 118
111 93 127 117
130 94 145 117
93 91 108 116
28 91 44 116
48 92 62 117
30 125 45 148
51 125 66 150
69 125 83 151
95 125 111 149
114 125 130 148
133 125 149 150
159 125 175 150
179 125 193 150
197 127 212 152
220 126 238 151
240 126 256 152
259 126 275 152
285 127 301 151
305 127 320 152
322 126 338 152
348 127 366 150
367 127 383 153
385 127 401 151
411 128 427 152
432 128 448 153
450 128 466 155
476 128 492 154
494 128 511 154
513 128 529 153
539 130 555 154
557 130 572 155
601 129 618 154
620 130 635 154
33 158 49 181
53 158 68 183
72 157 88 183
98 158 113 183
116 159 132 184
163 159 178 184
181 160 198 184
200 159 217 185
286 159 302 184
306 160 322 185
323 161 340 185
352 160 368 184
369 160 385 186
389 160 405 186
414 160 431 186
433 161 449 186
476 161 494 186
495 162 511 186
514 162 530 187
602 162 618 187
620 162 636 187
638 163 652 188
100 191 115 214
120 191 136 216
138 191 155 217
164 191 180 216
184 191 198 216
202 193 218 217
288 193 305 218
307 194 323 217
326 194 341 218
352 193 368 218
370 193 387 218
391 193 406 218
416 193 432 219
434 193 450 218
453 195 469 219
479 194 495 218
496 193 512 218
516 195 532 219
604 194 619 220
622 195 637 220
639 195 652 220
103 223 118 249
122 223 138 248
140 223 156 248
166 224 182 248
186 225 202 249
204 225 220 250
291 225 307 250
310 225 326 250
327 226 343 250
418 225 433 251
436 226 450 251
455 227 470 252
480 226 495 251
498 226 514 251
517 227 532 252
168 256 185 279
189 257 204 281
205 257 221 282
293 257 309 280
312 257 326 282
330 257 347 283
170 289 186 312
190 289 205 313
210 289 225 313
294 289 310 314
314 289 328 314
332 289 348 314
