310 164 354 256
374 164 418 250
437 164 482 250
562 161 612 250
635 161 685 250
704 164 743 250
824 161 876 242
893 158 943 244
957 156 1001 247
1087 161 1137 247
1157 164 1207 253
1224 164 1268 253
1357 158 1401 250
1415 167 1468 256
1487 167 1540 256
1618 169 1668 261
1693 169 1740 258
1760 169 1801 258
1890 169 1937 256
1951 167 2001 261
2018 178 2062 258
2143 183 2187 264
2215 186 2265 272
2276 189 2324 269
2407 181 2454 267
2482 186 2529 269
2546 189 2585 264
185 389 226 475
246 392 290 478
307 389 351 478
501 386 549 469
568 386 610 472
629 386 671 475
757 386 804 467
829 378 876 467
896 383 937 467
190 611 235 694
251 608 296 692
318 611 360 697
440 608 487 692
501 606 551 692
571 603 615 697
699 608 746 697
760 608 807 692
829 611 874 692
960 606 1010 686
1029 611 1079 697
1093 608 1137 689
1226 608 1274 694
1293 611 1337 694
1357 614 1399 692
1487 619 1537 700
1557 611 1607 700
1624 611 1665 697
1757 617 1801 697
1821 614 1868 697
1887 622 1929 697
1954 622 2001 697
187 825 235 908
254 828 299 911
382 825 421 911
437 831 487 911
507 831 551 914
635 825 682 917
693 825 746 917
765 828 812 908
899 831 946 911
965 831 1007 911
1093 836 1140 917
1160 836 1210 917
1226 839 1268 914
1357 836 1407 917
1421 839 1468 914
1554 839 1601 919
1621 839 1671 925
1687 842 1729 919
1746 836 1796 922
190 1050 232 1125
254 1056 301 1125
315 1056 354 1128
449 1047 490 1131
507 1047 557 1128
571 1044 615 1125
704 1044 749 1128
765 1050 807 1128
890 1047 946 1133
968 1056 1010 1133
1093 1053 1140 1131
1157 1053 1207 1136
1226 1056 1274 1142
1351 1056 1404 1142
1415 1061 1474 1139
1490 1058 1535 1136
1621 1061 1665 1136
1682 1056 1732 1144
1751 1058 1793 1139
1812 1056 1865 1142
190 1264 243 1344
260 1261 301 1339
379 1267 421 1342
449 1264 496 1342
512 1264 554 1344
640 1264 682 1339
704 1267 749 1347
771 1264 812 1342
899 1267 949 1347
965 1267 1010 1350
1026 1272 1071 1344
1157 1272 1204 1353
1226 1272 1274 1353
1287 1275 1337 1350
1424 1278 1468 1344
1485 1275 1537 1350
1554 1269 1599 1350
1676 1272 1729 1356
1743 1272 1790 1356
1810 1267 1851 1358
1874 1269 1924 1356
321 1692 368 1772
387 1700 437 1775
454 1700 501 1775
582 1694 626 1778
643 1697 690 1783
707 1697 751 1781
835 1697 887 1783
899 1697 949 1786
965 1697 1004 1783
1096 1700 1143 1783
1165 1703 1210 1783
1229 1700 1271 1781
1357 1706 1401 1778
1421 1706 1465 1783
1485 1711 1526 1778
1607 1706 1660 1781
1679 1703 1729 1783
1743 1706 1785 1786
1937 1706 1987 1786
2007 1706 2054 1786
2071 1711 2115 1789
2196 1703 2246 1794
2265 1708 2312 1789
2332 1708 2374 1789
201 1903 246 1989
262 1908 307 1989
329 1914 374 1992
449 1911 499 1992
512 1914 557 1989
646 1911 690 1992
712 1914 760 1992
776 1911 812 1997
901 1914 949 1992
965 1914 1015 1994
1032 1914 1076 1989
1162 1914 1207 1997
1224 1914 1276 2000
1293 1917 1335 1992
1421 1919 1468 1994
1482 1919 1535 2000
1549 1925 1593 2000
1674 1914 1724 2000
1740 1914 1787 2003
1807 1917 1851 2000
1871 1919 1921 2000
210 2119 251 2200
271 2114 318 2203
335 2125 379 2197
457 2125 499 2197
518 2122 565 2203
582 2119 629 2200
712 2128 760 2203
776 2128 824 2206
840 2131 882 2203
971 2125 1015 2211
1032 2128 1087 2211
1096 2131 1146 2208
1229 2133 1271 2208
1290 2133 1335 2211
1354 2133 1399 2206
1482 2133 1529 2211
1549 2136 1590 2211
1612 2139 1657 2211
1740 2142 1785 2217
1804 2139 1843 2211
1871 2147 1918 2214
211 2331 246 2398
272 2333 313 2407
335 2337 374 2406
459 2337 504 2407
522 2341 567 2415
591 2343 631 2411
713 2341 754 2411
778 2343 819 2413
843 2346 880 2413
972 2339 1013 2411
1031 2343 1074 2417
1094 2341 1131 2417
1228 2348 1265 2415
1293 2343 1337 2419
1352 2344 1396 2413
1476 2350 1526 2422
1544 2348 1593 2428
1609 2350 1650 2426
1741 2354 1781 2426
1802 2352 1854 2426
1872 2352 1917 2424
1935 2354 1974 2428
213 2541 254 2602
274 2539 317 2609
343 2544 380 2609
459 2541 506 2617
528 2543 569 2619
587 2546 626 2619
717 2546 757 2615
778 2550 820 2622
841 2548 878 2620
970 2554 1006 2624
1033 2554 1074 2626
1098 2554 1135 2624
1226 2556 1269 2631
1289 2557 1331 2631
1417 2557 1463 2637
1480 2561 1526 2637
1543 2565 1587 2631
1676 2563 1715 2635
1739 2556 1783 2637
1804 2557 1841 2637
1869 2565 1913 2637
339 2748 381 2817
400 2756 443 2822
465 2754 502 2824
593 2754 631 2820
652 2754 702 2826
719 2761 754 2824
843 2761 883 2833
906 2763 948 2837
969 2770 1007 2835
1096 2769 1141 2839
1163 2769 1207 2843
1230 2774 1265 2835
1354 2772 1394 2839
1417 2774 1457 2846
1481 2772 1522 2839
2435 2778 2481 2852
2502 2772 2544 2848
2563 2776 2607 2848
