136 60 143 72
145 60 154 72
156 59 164 73
167 59 175 71
186 58 192 72
196 58 204 71
207 58 216 71
218 58 226 72
146 107 155 119
136 106 143 120
157 107 165 120
168 107 176 120
178 106 186 120
189 107 197 119
210 106 218 121
223 106 231 121
234 106 242 121
245 106 254 121
256 105 265 121
268 106 278 122
280 106 290 121
185 179 194 193
197 180 206 194
208 180 216 195
220 180 227 196
231 181 238 196
239 182 248 196
207 131 216 146
195 130 205 145
169 131 176 144
179 131 187 144
136 131 144 144
146 131 154 144
157 131 166 144
135 155 144 167
146 156 154 168
157 155 165 168
168 156 176 169
179 157 187 169
136 179 143 191
146 180 155 192
157 180 165 192
169 180 176 193
136 84 143 95
147 84 154 95
158 83 165 95
167 83 175 95
178 83 186 95
190 83 197 96
35 106 43 118
46 106 52 118
55 106 62 118
48 153 55 164
57 153 65 164
68 153 75 165
37 176 45 187
47 176 55 188
19 175 25 187
9 175 16 187
28 152 35 164
38 152 45 164
27 175 34 187
42 61 50 72
52 61 59 73
42 83 50 95
52 83 59 96
33 61 40 72
23 61 30 73
33 83 40 95
23 83 30 95
26 106 33 118
17 106 24 118
13 84 21 96
19 130 26 141
10 129 17 141
18 152 26 163
14 62 21 74
78 61 86 74
88 61 96 73
98 60 107 73
79 83 86 96
89 83 96 95
99 83 107 95
78 107 86 119
89 106 96 118
98 106 107 119
79 130 85 142
88 130 96 143
98 130 106 143
78 153 85 165
88 153 96 165
98 153 106 166
78 177 84 189
88 177 95 188
98 177 105 190
294 58 304 72
308 57 316 71
320 57 329 72
296 82 305 96
308 82 316 97
320 82 329 97
297 107 305 121
309 108 317 121
321 108 331 122
297 133 306 147
309 134 317 148
321 135 330 149
296 158 306 174
309 159 318 174
321 159 331 175
296 184 306 200
310 185 319 200
323 185 331 200
