657 34 684 74
597 32 623 70
628 33 653 72
566 32 591 69
474 28 498 66
505 28 528 68
413 26 438 65
380 24 406 62
347 23 373 62
283 19 310 59
253 20 277 59
222 17 247 58
189 18 213 58
123 18 149 55
158 18 184 56
125 99 149 140
157 100 183 141
189 101 214 139
220 100 248 142
252 102 278 142
286 103 310 143
123 173 148 213
156 176 183 216
188 176 214 214
220 176 245 215
122 253 148 292
155 253 181 295
189 254 212 293
220 255 246 298
119 332 146 374
152 331 178 373
185 332 211 373
217 332 244 374
252 332 277 376
187 896 214 942
288 807 317 851
254 808 283 850
221 810 247 854
187 810 215 854
153 896 181 942
119 898 147 942
153 809 183 854
119 810 148 856
118 411 144 452
152 411 179 452
183 411 211 453
217 411 245 453
250 410 278 452
115 490 144 534
149 489 178 532
183 490 212 534
217 491 243 532
218 570 246 612
183 570 212 612
151 571 179 612
115 571 145 613
117 652 145 691
152 654 180 695
183 651 212 695
218 650 246 693
250 649 279 694
287 650 314 694
118 736 150 779
153 732 180 779
185 735 214 780
220 732 248 777
254 730 281 778
60 99 86 139
61 176 88 217
57 251 86 291
54 327 83 368
54 409 80 451
51 486 80 531
53 568 79 609
53 649 82 690
52 732 79 778
54 816 83 860
53 902 85 948
1484 72 1502 105
1508 73 1529 107
1557 76 1578 109
1580 78 1600 109
1604 79 1623 110
1516 137 1536 166
1542 138 1562 172
1564 140 1585 171
1590 141 1611 174
1500 936 1522 969
1580 930 1601 967
1553 934 1575 966
1528 932 1550 970
1196 1154 1220 1187
1227 1151 1251 1186
1255 1150 1279 1189
1287 1144 1310 1183
1719 1098 1739 1135
1693 1103 1713 1140
1668 1107 1687 1140
1315 1144 1338 1184
1373 1136 1395 1178
1399 1135 1422 1177
1456 1128 1477 1173
1429 1131 1451 1171
1483 1125 1504 1166
1508 1125 1530 1164
1537 1123 1559 1160
1564 1119 1584 1158
1589 1116 1611 1156
1616 1111 1638 1151
1642 1108 1661 1148
1175 122 1195 157
1202 123 1224 159
1386 136 1407 169
1412 137 1433 171
1104 194 1127 229
1327 194 1349 227
1287 261 1309 295
1043 342 1066 378
1072 342 1094 379
1103 341 1122 378
1128 342 1152 378
1579 323 1599 352
1408 423 1429 456
1343 422 1366 455
1225 423 1248 459
1144 613 1168 651
1293 857 1316 897
993 684 1017 723
782 278 809 319
812 277 840 319
703 684 728 724
734 681 760 726
766 681 796 726
843 735 871 778
854 1050 883 1096
885 1045 917 1091
