156 507 179 545
187 511 207 545
215 509 238 545
247 511 268 544
279 512 300 545
342 514 362 546
371 512 392 545
403 512 425 549
435 512 457 550
465 513 489 551
130 463 150 494
158 463 179 495
189 461 206 493
218 463 239 496
250 467 270 496
279 465 299 499
310 465 331 502
340 466 362 500
372 464 393 501
401 464 427 499
436 467 458 500
463 462 488 501
497 464 519 501
530 462 552 501
140 368 162 402
201 370 220 402
230 369 250 402
260 370 281 402
290 369 311 403
320 368 344 404
352 367 375 403
415 371 436 404
445 366 468 401
477 365 499 403
509 364 529 403
142 325 162 358
170 323 193 357
202 326 220 357
230 323 252 356
261 323 281 356
291 325 308 356
322 321 343 356
351 322 373 356
382 322 401 356
413 320 434 355
444 319 468 354
475 319 497 354
506 316 531 353
144 234 165 266
197 234 220 265
231 231 252 262
262 229 280 264
290 229 310 262
319 229 340 262
350 224 372 262
409 227 433 261
441 224 463 261
472 226 495 262
117 191 137 223
140 190 166 222
173 189 195 221
200 187 223 220
134 103 157 134
166 102 184 134
193 100 214 134
249 100 270 130
280 95 299 130
308 93 329 129
340 92 359 126
368 90 390 127
146 59 169 93
176 58 197 91
204 56 223 88
232 55 252 88
261 52 283 86
294 53 314 84
320 51 341 83
350 49 370 82
381 48 400 81
408 46 431 78
168 605 192 640
201 605 220 638
230 606 251 640
202 652 221 684
229 654 252 688
262 656 280 685
293 655 313 689
163 744 187 779
195 746 217 782
221 748 245 785
254 750 278 786
283 749 309 786
