4 14 20 39
24 14 41 40
69 14 84 38
87 15 102 38
106 16 121 39
131 15 146 39
150 15 165 39
167 15 184 41
196 14 211 40
213 15 229 39
231 14 247 40
257 15 274 40
276 15 291 40
294 15 310 41
320 15 337 40
338 15 354 40
356 16 373 41
383 16 399 40
402 16 419 40
447 15 463 39
465 16 479 39
510 15 525 40
528 14 544 39
547 15 562 39
566 16 581 39
592 15 606 40
609 16 624 39
7 47 22 73
24 47 40 72
42 48 58 73
68 48 85 72
87 49 103 73
131 49 148 74
149 50 166 73
195 49 212 72
213 49 229 74
231 48 248 74
257 49 273 73
275 48 291 73
294 48 310 74
320 49 336 74
338 49 353 73
383 48 398 72
401 49 416 73
419 49 435 74
445 49 461 72
463 47 480 73
482 49 498 73
508 49 525 73
526 48 543 73
545 49 561 72
570 49 587 72
589 48 606 72
6 82 22 106
24 83 40 106
132 81 148 106
149 82 166 108
195 81 210 105
213 81 228 106
231 82 247 106
257 82 273 106
275 82 290 107
293 82 309 107
381 82 398 106
400 83 416 107
444 82 460 105
463 82 478 106
480 83 496 106
506 83 522 106
525 82 542 106
569 81 585 105
589 81 603 105
607 81 622 105
7 115 23 139
25 115 41 139
43 116 59 139
380 115 396 139
399 115 415 138
418 115 433 139
444 115 460 138
462 116 477 139
480 116 494 139
506 115 522 139
523 116 540 140
542 115 559 140
569 114 584 139
586 114 602 139
605 115 620 139
8 147 23 172
26 147 42 172
44 148 60 172
9 181 25 205
27 181 42 204
45 181 60 204
379 148 396 172
398 147 414 172
415 148 432 171
442 148 458 171
460 147 475 172
478 148 494 171
504 147 520 171
522 148 538 171
541 148 558 171
379 181 394 203
397 180 413 204
416 182 430 204
377 213 394 237
397 213 412 236
414 214 428 236
