1352 1294 1438 1435
1467 1292 1550 1427
1844 1969 1931 2094
2088 1975 2160 2100
2194 1969 2265 2100
2306 1977 2392 2100
2542 1975 2623 2100
2648 1973 2729 2106
2769 1977 2838 2106
2881 1975 2958 2102
3102 1971 3185 2110
3213 1971 3294 2108
3323 1973 3406 2110
3544 1969 3625 2098
3646 1969 3727 2100
3754 1969 3840 2100
1854 2156 1929 2281
1960 2158 2044 2294
2077 2160 2156 2288
2194 2163 2281 2294
2429 2158 2513 2296
2544 2160 2621 2292
2652 2154 2742 2290
2763 2152 2858 2294
2992 2152 3088 2300
3102 2154 3190 2298
3217 2146 3306 2298
1852 2348 1925 2469
1960 2348 2048 2477
2079 2352 2160 2479
2310 2350 2394 2473
2431 2350 2504 2475
2548 2348 2629 2481
2660 2352 2750 2479
2777 2344 2858 2479
2892 2348 2969 2488
1856 2529 1931 2665
1965 2529 2046 2660
2083 2533 2163 2667
2313 2531 2400 2660
2427 2533 2517 2663
2656 2535 2742 2658
2773 2540 2856 2673
