145 143 163 170
162 143 178 171
181 143 198 171
198 143 215 171
217 143 234 172
234 143 251 172
261 143 278 172
278 144 296 172
307 146 321 171
323 146 338 172
342 146 359 172
359 146 375 173
387 147 403 173
403 147 420 174
424 147 440 174
441 148 457 174
460 148 477 174
478 147 493 174
207 351 224 375
223 351 240 375
250 351 266 375
266 351 282 376
285 351 300 375
301 351 316 376
319 352 334 377
336 353 351 377
361 353 377 377
377 353 392 377
405 354 419 378
420 354 435 378
448 355 462 378
463 355 479 379
490 356 506 380
506 356 522 381
534 358 549 381
550 357 564 382
