116 14 137 48
145 16 169 50
175 15 196 49
203 17 225 52
261 20 283 55
289 23 312 58
318 22 340 58
350 26 372 61
113 86 136 120
142 87 166 123
173 87 197 125
110 148 134 186
140 150 165 187
172 155 194 189
200 155 224 189
231 155 253 190
261 157 283 194
108 220 134 255
139 222 162 257
169 220 191 256
103 289 127 325
135 289 157 328
164 289 187 327
103 359 126 399
134 362 157 400
162 364 185 401
98 430 122 470
129 430 154 472
161 431 184 470
97 504 122 543
128 503 154 541
96 579 121 620
128 581 153 620
96 662 120 697
126 661 151 697
93 727 120 767
128 727 153 768
159 729 184 767
92 812 119 850
126 811 152 853
159 809 187 852
94 895 121 936
127 894 154 936
159 894 186 934
91 974 116 1020
125 974 153 1019
159 975 185 1019
91 1059 120 1102
126 1059 154 1102
58 80 82 117
54 146 79 184
50 216 74 251
48 284 74 319
45 358 69 392
41 424 68 461
38 500 65 539
36 575 61 613
34 654 62 691
33 732 59 773
33 811 57 851
30 894 56 936
30 979 56 1021
28 1062 56 1105
387 727 414 769
419 730 448 771
451 728 476 768
481 727 507 771
389 807 415 848
422 807 448 849
450 807 477 849
393 889 423 929
425 888 453 932
456 887 481 929
488 888 517 930
393 969 420 1012
425 965 452 1010
457 964 484 1012
393 1047 424 1094
427 1047 457 1094
458 1042 485 1093
492 1041 523 1088
652 1037 678 1082
618 1038 646 1079
586 1043 616 1084
556 1039 581 1085
1390 73 1407 103
1410 75 1432 105
1460 76 1477 108
1479 79 1497 107
1310 224 1330 255
1336 225 1357 256
1424 352 1443 381
1448 352 1467 380
1472 355 1493 383
1314 365 1334 395
1053 422 1077 455
823 440 845 474
807 560 829 595
834 558 859 594
1143 503 1166 537
1253 510 1275 545
1383 441 1403 473
1409 442 1427 474
1432 445 1452 475
1387 499 1408 533
1413 500 1434 535
1436 501 1458 536
1086 603 1109 637
1187 586 1209 620
1278 630 1300 664
1374 561 1392 596
1398 562 1420 597
1422 561 1441 596
982 698 1006 734
1011 696 1036 733
1186 660 1207 697
1097 789 1121 826
1400 619 1421 650
1425 621 1447 655
1449 622 1470 653
1187 749 1211 784
1270 743 1291 780
1333 766 1355 801
1102 994 1126 1031
1129 991 1154 1030
1133 871 1157 904
1162 868 1184 905
1243 848 1265 886
1406 894 1425 930
1431 892 1452 928
1421 704 1439 739
1445 706 1466 737
1470 705 1491 737
956 868 980 905
989 868 1012 905
603 411 626 448
632 412 656 450
609 674 634 715
637 670 664 713
