457 191 506 270
522 187 574 269
589 189 637 272
719 187 770 269
789 187 837 276
856 187 904 269
1057 185 1100 269
1117 185 1157 270
1248 180 1298 269
1315 181 1369 270
324 409 374 491
389 404 433 481
454 404 494 487
591 406 631 494
656 404 700 487
741 409 783 487
852 402 896 481
915 404 963 480
1007 404 1048 480
1115 404 1157 483
1187 404 1228 483
1252 404 1294 480
1383 398 1426 483
1450 398 1498 483
1513 400 1557 480
1581 396 1628 483
322 631 369 704
389 630 430 704
524 624 570 706
585 626 631 707
652 635 694 706
785 624 831 704
846 624 898 709
933 624 981 709
1050 624 1096 713
1115 624 1163 713
1181 628 1226 713
1313 620 1357 707
1381 624 1431 707
1467 619 1506 700
1519 617 1556 706
320 841 363 919
389 839 435 930
452 846 489 933
585 846 630 930
650 848 696 935
719 850 759 937
850 848 894 931
919 852 963 937
981 850 1028 924
1119 846 1163 926
1181 848 1226 931
1250 850 1294 931
1381 848 1430 933
1448 848 1494 935
1515 854 1557 931
1581 856 1626 931
322 1072 369 1150
391 1072 431 1152
450 1076 487 1150
585 1074 631 1154
652 1076 696 1154
711 1076 754 1154
850 1072 894 1148
915 1072 961 1154
981 1072 1026 1156
1115 1074 1159 1154
1178 1080 1228 1152
1244 1081 1291 1156
1380 1076 1430 1157
1450 1074 1491 1156
1511 1074 1559 1157
454 1511 496 1587
522 1507 565 1587
585 1513 626 1587
715 1507 759 1593
783 1507 830 1587
850 1504 894 1587
981 1509 1030 1589
1048 1509 1100 1593
1120 1511 1161 1591
1313 1513 1365 1591
1381 1513 1426 1593
1509 1515 1556 1594
1580 1513 1628 1594
1646 1511 1693 1600
322 1731 367 1809
391 1728 433 1813
454 1735 496 1809
581 1733 635 1804
656 1733 700 1811
717 1735 763 1811
848 1730 896 1813
915 1730 963 1813
985 1730 1030 1815
1119 1730 1165 1813
1183 1731 1228 1815
1250 1730 1293 1819
1380 1733 1428 1819
1246 174 1302 272
1448 1731 1494 1819
1509 1731 1557 1815
1581 1733 1631 1813
322 1954 370 2030
389 1954 435 2033
452 1950 498 2033
580 1950 631 2030
654 1950 700 2037
717 1948 763 2031
856 1952 894 2039
915 1952 965 2035
983 1950 1028 2037
1119 1956 1163 2033
1181 1954 1226 2031
1250 1957 1294 2033
1383 1952 1430 2031
1444 1952 1496 2033
1513 1954 1559 2037
1578 1957 1631 2039
322 2170 380 2250
409 2170 463 2250
522 2170 569 2246
594 2172 635 2246
720 2170 770 2252
785 2170 833 2254
856 2172 900 2256
987 2170 1030 2252
1048 2174 1094 2256
1113 2167 1157 2256
1248 2178 1291 2256
1311 2174 1361 2263
1381 2178 1426 2259
1448 2180 1502 2256
330 2385 372 2459
398 2387 448 2463
463 2393 507 2465
596 2387 641 2463
659 2381 704 2463
722 2381 769 2459
850 2389 896 2467
913 2393 965 2467
978 2393 1028 2467
1117 2394 1163 2469
1176 2391 1224 2474
1241 2396 1287 2480
1383 2400 1426 2476
1444 2398 1493 2480
1509 2394 1550 2478
1576 2398 1620 2478
465 2808 518 2885
533 2808 585 2888
600 2810 650 2893
725 2813 775 2888
793 2813 838 2895
855 2818 898 2888
990 2818 1033 2893
1050 2823 1100 2900
1113 2828 1160 2903
1250 2833 1295 2905
1315 2833 1365 2908
1383 2835 1425 2905
1508 2833 1558 2918
1573 2840 1630 2918
1648 2840 1690 2913
2628 2833 2678 2930
2695 2838 2745 2930
