195 140 204 154
206 139 215 155
218 139 226 155
229 138 237 153
247 138 256 153
258 138 267 153
270 138 280 152
282 138 291 153
196 170 204 184
205 169 215 183
217 168 226 184
228 168 237 184
238 168 249 185
250 168 259 184
196 200 203 214
205 199 215 214
217 199 225 214
228 200 237 214
239 199 249 214
251 199 259 214
194 230 203 244
205 230 213 244
217 231 226 244
227 230 238 244
239 231 249 244
250 231 257 244
258 231 267 245
269 231 279 245
281 231 292 246
272 199 282 215
285 199 294 214
296 199 307 215
308 199 318 216
320 199 330 216
333 200 342 216
344 199 356 216
416 134 426 150
430 135 439 150
443 134 453 150
456 134 467 150
414 168 425 183
427 168 439 182
441 168 453 183
455 168 466 183
470 167 481 183
483 167 495 183
479 133 491 150
494 133 505 149
508 133 520 149
523 133 533 148
498 167 509 184
28 144 37 156
39 144 46 155
48 144 56 156
58 144 64 155
28 172 36 184
39 172 47 184
49 172 56 183
57 172 64 183
67 172 74 183
29 200 37 212
39 200 47 212
48 200 56 211
57 200 65 211
74 200 82 212
84 201 91 211
94 201 101 212
104 200 111 212
114 200 121 212
121 200 129 213
103 229 110 241
94 229 101 240
85 228 91 240
74 229 81 240
29 227 37 239
38 227 46 239
47 227 55 240
38 304 45 316
