242 240 251 254
254 241 263 255
263 240 272 256
279 239 288 255
291 239 301 255
301 240 312 256
315 240 325 256
327 240 338 256
340 240 350 256
352 240 363 255
363 240 376 256
377 241 388 256
390 240 399 257
402 240 411 256
414 241 424 256
428 240 436 257
440 240 450 256
451 241 462 256
242 259 252 274
254 259 264 274
262 260 272 274
279 260 289 274
291 260 300 274
303 259 313 275
315 259 326 274
327 259 338 274
352 260 362 273
365 259 375 274
377 259 387 275
389 258 400 275
402 259 411 274
427 260 436 274
439 259 448 274
450 260 461 274
463 259 472 274
476 258 485 276
486 259 498 275
500 260 510 274
522 259 534 274
536 259 547 274
550 259 560 274
561 259 572 275
442 307 453 323
454 307 466 322
467 308 477 323
480 307 490 323
492 307 501 323
504 308 514 323
442 326 453 342
454 326 465 342
465 326 477 342
480 326 490 342
492 326 502 342
504 327 514 340
443 352 452 368
454 353 465 368
466 353 477 368
480 352 490 368
492 353 502 368
503 354 513 368
516 353 527 368
530 353 539 368
541 353 552 368
443 371 452 386
455 372 464 387
480 372 490 386
491 372 501 386
502 372 514 386
529 372 538 386
541 372 551 387
554 372 563 387
442 398 452 412
455 398 464 413
467 398 478 413
480 399 491 414
491 399 501 414
504 398 515 413
517 398 528 414
527 398 538 413
540 398 550 414
553 398 563 414
442 418 452 433
455 417 465 432
466 417 478 433
480 418 490 434
491 417 502 434
503 418 514 434
516 417 526 431
528 417 538 432
467 436 478 451
479 436 490 451
491 436 502 452
504 437 515 451
516 436 526 452
622 353 633 367
634 354 646 368
648 353 657 368
659 353 670 370
671 354 682 370
684 354 694 370
696 354 707 369
623 371 632 386
635 372 646 387
648 371 657 387
660 372 670 386
671 372 682 387
622 398 633 414
636 398 645 414
648 398 658 414
660 398 669 414
671 398 681 413
684 398 696 413
697 399 708 414
707 399 720 414
721 398 732 415
734 398 743 414
747 399 755 414
758 399 767 413
621 418 632 433
635 417 645 432
647 418 658 432
659 417 669 433
671 418 682 432
684 417 695 433
696 417 707 434
648 436 658 450
660 436 670 451
672 436 682 452
685 436 695 452
697 436 706 451
624 462 634 478
634 462 644 478
647 462 658 477
659 462 669 478
672 462 682 478
623 480 632 496
635 482 646 497
648 482 659 497
660 482 670 497
672 482 684 497
686 481 694 498
697 481 707 496
709 482 719 497
721 481 731 497
