48 241 58 255
60 241 69 255
72 242 81 255
83 242 93 256
96 242 105 256
108 242 117 256
121 243 130 257
133 243 142 256
166 203 175 216
179 203 187 217
191 204 199 216
203 203 212 217
216 203 224 217
228 204 236 217
251 203 261 216
264 203 273 217
276 204 285 217
287 204 297 218
301 204 309 218
335 235 345 248
347 235 357 248
360 235 369 249
373 236 381 248
385 235 395 249
398 235 406 248
410 236 419 249
422 235 430 249
435 236 442 249
446 235 455 249
458 235 467 249
470 235 478 248
457 252 466 265
446 252 455 265
434 252 443 265
422 252 431 265
410 253 419 265
398 252 407 265
385 252 395 265
348 251 357 264
361 252 370 264
374 252 382 265
