780 1623 848 1738
873 1625 940 1745
910 2015 978 2128
1008 2015 1075 2123
1100 2010 1165 2128
1200 2013 1260 2125
1293 2010 1353 2120
1388 2008 1448 2118
1570 2005 1638 2123
1668 2003 1730 2113
1763 2005 1823 2113
1858 2005 1918 2115
2040 2003 2113 2110
2140 2008 2208 2115
915 2168 980 2275
1005 2168 1070 2278
1193 2160 1260 2273
1295 2163 1355 2268
1385 2165 1453 2270
1483 2163 1545 2273
1578 2163 1640 2273
1760 2155 1825 2265
1850 2153 1918 2265
1953 2155 2008 2268
2043 2155 2110 2263
2148 2153 2203 2268
2233 2155 2300 2265
2328 2158 2390 2265
2420 2153 2483 2258
915 2323 973 2423
1010 2320 1073 2428
1105 2320 1168 2428
1290 2315 1360 2418
1385 2310 1453 2425
1480 2313 1540 2420
1580 2310 1645 2418
1673 2310 1733 2413
918 2475 975 2573
1008 2475 1073 2578
1108 2473 1165 2583
1288 2470 1360 2573
1385 2470 1455 2580
1483 2465 1545 2570
1578 2460 1648 2575
1673 2460 1743 2570
1763 2460 1830 2565
1950 2458 2015 2573
2050 2460 2110 2575
2143 2463 2208 2570
2325 2455 2393 2573
2420 2458 2483 2563
2513 2455 2578 2568
2608 2453 2670 2560
2705 2448 2768 2563
2800 2450 2865 2568
908 2623 978 2738
1005 2623 1073 2738
1100 2623 1173 2733
1298 2618 1358 2718
1390 2623 1453 2720
1578 2613 1645 2723
1678 2615 1750 2723
