343 153 382 228
410 155 453 232
472 160 513 230
610 157 650 233
675 155 720 230
742 155 780 228
930 152 972 230
997 155 1032 225
1125 147 1165 223
1195 152 1238 227
1262 157 1297 225
1392 147 1433 217
1460 145 1500 223
1527 152 1562 223
212 372 257 447
282 370 327 448
347 372 382 445
475 375 515 447
545 378 585 452
607 378 638 450
740 375 782 447
805 373 848 450
868 377 905 448
995 380 1040 450
1065 380 1103 447
1195 372 1237 448
1258 370 1307 452
1332 373 1367 445
1455 368 1500 443
1528 372 1572 450
1590 370 1630 445
1720 367 1765 443
1790 365 1835 447
1858 373 1893 442
1925 370 1967 443
212 588 257 670
283 592 320 665
407 592 452 665
472 595 515 668
542 597 582 665
673 597 715 663
735 598 782 670
802 597 842 670
933 597 973 662
995 593 1040 670
1065 598 1108 668
1193 590 1242 670
1257 593 1305 672
1328 595 1365 667
1457 593 1503 670
1532 598 1570 665
1657 598 1702 672
1727 592 1770 667
1787 592 1823 665
1857 600 1902 668
213 810 257 883
277 808 323 890
350 817 385 883
473 813 517 885
543 810 588 890
608 812 652 882
740 812 783 883
803 812 848 892
868 815 905 887
998 813 1042 883
1060 815 1108 892
1128 815 1167 887
1263 817 1310 893
1330 820 1372 897
1395 822 1437 893
1522 813 1567 890
1600 817 1638 892
1663 818 1698 888
1785 813 1830 892
1857 812 1900 888
1925 815 1967 887
1990 812 2033 887
212 1028 257 1112
278 1032 322 1107
345 1030 383 1108
475 1032 517 1105
543 1028 590 1108
613 1033 653 1110
737 1035 783 1112
803 1032 848 1110
868 1037 912 1110
1000 1035 1043 1110
1065 1037 1112 1112
1133 1035 1175 1107
1263 1037 1308 1112
1328 1038 1370 1110
1397 1042 1435 1110
1523 1038 1570 1113
1587 1043 1623 1110
1722 1038 1765 1110
1785 1038 1830 1117
1852 1038 1888 1112
1917 1038 1963 1112
345 1465 385 1537
408 1467 453 1545
482 1472 518 1542
608 1468 652 1532
673 1467 708 1537
805 1472 848 1548
875 1475 912 1542
1003 1468 1045 1543
1067 1470 1110 1542
1137 1473 1173 1540
1263 1472 1307 1543
1325 1475 1363 1542
1458 1473 1500 1545
1523 1475 1563 1547
1590 1477 1623 1542
1787 1478 1828 1548
1848 1478 1885 1547
1980 1475 2028 1552
2047 1475 2085 1547
212 1687 258 1765
282 1692 320 1768
410 1688 453 1757
475 1687 522 1762
545 1687 585 1758
675 1685 715 1758
743 1685 788 1760
807 1693 843 1758
938 1690 980 1762
1005 1690 1047 1752
1137 1688 1177 1760
1203 1692 1240 1758
1328 1688 1370 1758
1393 1688 1437 1763
1458 1693 1492 1758
1590 1693 1630 1760
1653 1692 1697 1767
1717 1693 1758 1767
1783 1692 1828 1767
212 1905 253 1980
280 1900 328 1980
352 1903 388 1982
477 1905 520 1975
542 1902 592 1980
612 1907 653 1982
737 1905 783 1977
805 1903 853 1982
872 1912 912 1978
1003 1902 1045 1975
1067 1903 1113 1982
1133 1912 1172 1977
1263 1902 1307 1978
1325 1902 1373 1980
1395 1903 1435 1977
1522 1907 1565 1982
1587 1905 1633 1987
1657 1910 1697 1990
1783 1912 1825 1985
1852 1910 1898 1988
1918 1915 1960 1987
1983 1915 2028 1988
208 2120 255 2192
283 2118 323 2188
353 2122 392 2192
475 2122 518 2197
543 2122 588 2198
610 2130 648 2193
742 2122 780 2192
802 2120 850 2197
873 2127 912 2193
1000 2123 1043 2193
1065 2123 1110 2198
1133 2128 1172 2198
1265 2125 1308 2195
1332 2128 1368 2195
1457 2123 1500 2198
1522 2125 1567 2207
1587 2130 1625 2202
1715 2127 1760 2203
1780 2128 1825 2203
1855 2130 1897 2203
1915 2133 1962 2205
215 2338 258 2413
282 2340 323 2413
345 2345 385 2408
478 2337 522 2410
545 2337 593 2408
613 2343 652 2407
738 2333 785 2412
803 2340 843 2412
938 2340 975 2410
998 2337 1043 2415
1060 2342 1098 2413
1197 2342 1242 2415
1262 2347 1298 2415
1395 2343 1437 2418
1457 2345 1502 2415
1525 2347 1567 2420
1652 2350 1700 2428
1720 2352 1763 2428
1783 2352 1825 2425
1853 2350 1898 2432
345 2765 388 2832
415 2770 458 2845
478 2773 515 2840
610 2768 652 2837
677 2768 720 2842
740 2775 778 2838
873 2775 913 2838
935 2777 978 2845
1000 2782 1037 2847
1128 2780 1172 2852
1195 2780 1238 2853
1262 2785 1300 2847
1390 2783 1433 2857
1453 2783 1500 2862
1523 2788 1565 2857
2510 2798 2558 2878
2578 2795 2622 2873
2642 2792 2688 2870
