585 209 607 242
668 211 691 245
642 211 661 243
556 207 580 244
529 209 549 242
487 207 511 242
443 208 464 241
415 207 436 241
385 207 409 241
358 206 380 240
358 278 377 309
386 277 410 311
416 279 437 314
445 280 466 312
358 342 380 375
387 342 409 377
415 343 439 377
357 411 380 446
388 411 410 448
416 411 439 447
355 479 379 514
385 480 408 514
415 480 439 515
355 547 379 585
385 547 409 583
414 546 439 583
358 1059 383 1097
391 1057 414 1099
421 1057 447 1099
454 1058 477 1101
486 1057 511 1099
356 979 381 1018
388 977 415 1020
418 977 447 1020
450 977 476 1016
480 979 509 1018
357 903 381 941
387 901 413 939
418 900 442 938
450 899 474 937
356 835 380 871
388 833 412 872
418 834 439 869
450 835 473 868
355 618 378 655
384 618 407 655
415 618 438 655
356 688 381 727
387 689 410 729
354 761 378 797
386 763 411 799
416 761 440 800
447 759 472 795
479 758 502 796
508 756 534 797
299 761 326 797
299 832 329 869
299 906 327 944
298 980 323 1018
298 1058 321 1097
1602 204 1619 233
1622 205 1643 236
1673 207 1690 237
1690 208 1709 237
1714 208 1732 234
1049 701 1078 746
1180 676 1211 716
1234 577 1262 615
1390 903 1417 944
1610 691 1638 732
