70 173 98 224
108 173 137 224
150 171 179 223
180 173 209 224
220 174 252 224
71 251 97 298
98 251 126 301
138 249 165 300
164 249 193 302
205 249 232 300
232 249 259 300
260 251 286 299
299 251 330 300
69 326 101 378
70 405 101 455
101 328 126 378
103 405 131 457
131 405 157 457
169 406 199 458
211 406 239 459
179 331 209 378
138 331 167 380
313 67 328 92
434 133 444 149
445 133 454 149
455 132 462 150
462 133 471 150
472 133 481 149
482 133 490 151
490 134 498 150
461 133 470 150
462 133 470 149
470 133 478 149
480 134 489 149
