1400 1595 1480 1718
1505 1598 1584 1718
1611 1593 1680 1716
1709 1591 1780 1720
1809 1598 1880 1727
1905 1600 1984 1723
2102 1602 2180 1723
2207 1607 2275 1730
2307 1609 2380 1730
2407 1607 2482 1730
1414 1755 1482 1873
1500 1752 1575 1873
1611 1752 1677 1875
1709 1755 1780 1877
1905 1759 1977 1870
1995 1757 2073 1882
2105 1766 2173 1889
2198 1766 2270 1891
2407 1768 2484 1893
2511 1773 2577 1900
2607 1777 2686 1898
2823 1770 2895 1911
2923 1782 2991 1914
3025 1780 3102 1911
1407 1905 1486 2032
1505 1918 1575 2036
1702 1914 1775 2036
1802 1916 1873 2032
1898 1925 1973 2039
2007 1925 2080 2041
2198 1932 2277 2050
2305 1932 2375 2052
2402 1932 2477 2061
2605 1943 2680 2061
2709 1941 2780 2059
2816 1939 2891 2064
2920 1948 2986 2061
3025 1950 3091 2068
3127 1948 3198 2068
3230 1955 3300 2068
3327 1957 3405 2075
3432 1957 3509 2080
1405 2075 1473 2182
1498 2075 1575 2191
1602 2073 1680 2182
1802 2073 1870 2198
1895 2084 1970 2198
2098 2084 2168 2198
2200 2086 2273 2207
1405 2225 1464 2325
1500 2232 1573 2355
1607 2234 1677 2352
1795 2241 1873 2355
1898 2241 1973 2359
2000 2243 2066 2357
2102 2243 2182 2366
2293 2243 2373 2373
2395 2248 2473 2375
2502 2248 2573 2382
2702 2261 2784 2391
2802 2264 2877 2391
2914 2270 2977 2391
3014 2268 3089 2391
1402 2384 1473 2500
1498 2389 1573 2505
1602 2391 1668 2500
1702 2393 1770 2511
1802 2391 1868 2511
1895 2400 1966 2518
2098 2405 2166 2509
2191 2405 2273 2520
1400 2545 1475 2645
1493 2548 1570 2657
1598 2550 1673 2657
1798 2548 1870 2675
1891 2550 1964 2668
1989 2559 2064 2677
2089 2559 2164 2686
2193 2561 2266 2682
2386 2575 2468 2691
2498 2575 2570 2689
2598 2573 2668 2698
2798 2586 2873 2711
2895 2582 2968 2714
2998 2593 3082 2716
1400 2695 1475 2811
1493 2700 1570 2816
1593 2702 1670 2814
1791 2709 1868 2827
1889 2707 1966 2832
1989 2707 2068 2834
2082 2718 2173 2834
