253 100 276 134
288 101 313 134
324 101 348 136
358 102 382 138
429 102 452 138
462 104 484 138
524 104 548 138
560 104 582 139
588 103 612 138
620 104 646 140
249 163 274 201
288 163 312 203
323 163 347 202
360 164 385 202
432 164 454 202
465 162 488 199
499 162 524 199
534 163 555 198
566 163 590 199
596 163 621 198
630 163 652 199
252 231 273 266
289 231 313 269
326 232 349 270
362 230 387 268
400 229 421 266
434 229 460 266
504 226 530 264
541 228 565 265
576 226 598 263
610 226 632 261
641 225 662 259
673 226 696 259
