59 41 70 56
74 41 84 56
87 41 97 56
101 41 112 56
116 41 126 56
144 41 154 56
158 41 168 56
173 41 183 56
201 41 210 55
215 41 224 55
243 41 253 55
257 41 268 55
272 41 282 55
286 41 296 55
301 41 311 56
329 41 339 56
344 41 353 56
358 41 367 56
371 41 381 56
386 41 396 57
399 41 410 58
385 63 396 78
370 63 382 77
357 63 368 77
343 63 354 77
329 62 339 77
314 62 325 77
300 62 311 77
271 62 282 77
257 62 268 76
243 62 253 76
229 63 239 76
200 62 211 77
187 62 197 77
172 62 183 77
158 62 168 77
130 62 140 77
115 62 126 76
88 63 98 77
74 63 84 77
60 63 70 77
58 86 69 101
72 86 82 100
86 86 96 101
100 86 110 101
114 86 125 101
142 85 153 100
157 85 167 100
171 85 181 100
184 85 195 101
198 85 209 101
213 85 224 102
297 129 306 143
325 129 336 144
311 129 320 144
339 129 349 144
353 129 365 144
368 129 380 145
141 148 153 164
192 149 204 164
244 149 255 164
244 178 254 193
244 207 255 220
193 178 203 192
193 206 203 221
193 236 203 250
141 177 152 192
141 207 151 220
296 180 307 194
311 180 321 194
325 180 335 195
339 180 349 195
353 180 364 195
353 230 363 246
339 231 349 245
325 231 335 246
311 230 321 246
297 231 307 245
