357 1191 425 1302
443 1191 511 1305
539 1193 600 1305
632 1193 707 1298
823 1189 886 1286
923 1186 980 1286
1009 1191 1082 1295
1202 1186 1277 1300
1293 1184 1364 1298
1482 1180 1552 1293
1580 1180 1648 1295
357 1341 425 1448
450 1341 511 1455
632 1343 695 1450
730 1339 795 1448
823 1339 889 1452
916 1343 986 1448
1007 1336 1082 1441
1205 1341 1268 1439
1298 1339 1364 1445
1391 1336 1448 1441
1491 1339 1550 1439
1586 1332 1645 1439
355 1495 423 1605
455 1498 511 1602
634 1495 700 1600
732 1489 798 1607
830 1491 891 1605
1016 1493 1082 1607
1109 1491 1173 1595
1207 1486 1268 1600
1300 1491 1366 1595
1393 1489 1455 1593
1486 1491 1559 1600
361 1791 423 1902
452 1795 516 1898
543 1793 609 1905
639 1793 709 1905
820 1789 893 1891
925 1786 986 1895
1014 1784 1082 1895
1111 1789 1173 1898
1207 1789 1275 1902
1302 1782 1361 1895
1395 1791 1459 1895
1489 1791 1552 1898
375 2095 432 2195
461 2095 525 2202
543 2100 607 2205
636 2091 705 2202
832 2095 895 2200
920 2093 980 2207
1014 2095 1091 2202
1111 2093 1177 2205
1207 2091 1273 2202
1302 2093 1366 2205
1480 2093 1557 2205
1586 2093 1648 2207
1680 2093 1748 2207
1775 2091 1839 2207
1970 2093 2034 2211
2066 2093 2127 2216
2159 2093 2216 2211
2257 2093 2327 2207
2452 2093 2520 2207
2550 2100 2614 2207
2645 2093 2716 2214
2745 2100 2805 2211
2836 2100 2898 2216
368 2236 427 2332
464 2239 530 2352
555 2243 616 2348
736 2241 795 2348
834 2241 893 2343
925 2245 982 2343
1020 2241 1084 2352
1114 2243 1182 2355
1209 2243 1275 2352
1302 2245 1368 2350
1398 2245 1461 2350
377 2386 432 2484
464 2389 530 2491
555 2391 618 2491
741 2393 802 2498
836 2391 898 2500
927 2398 986 2500
1020 2395 1091 2500
1116 2393 1180 2500
1209 2398 1273 2505
1305 2398 1368 2509
1489 2400 1557 2507
1584 2400 1650 2509
1682 2400 1745 2509
1775 2398 1843 2516
1880 2398 1939 2518
1968 2398 2030 2518
2066 2402 2127 2509
2159 2402 2223 2509
377 2527 445 2641
468 2534 532 2639
559 2534 620 2643
650 2536 720 2645
834 2543 900 2648
927 2541 993 2652
1030 2543 1086 2655
1114 2543 1180 2655
1300 2543 1370 2659
1395 2545 1464 2655
384 2680 448 2784
475 2682 534 2789
564 2684 627 2789
652 2684 718 2791
743 2684 811 2793
834 2684 907 2784
934 2686 995 2793
1116 2691 1186 2798
1211 2695 1275 2798
1307 2691 1370 2793
1491 2691 1557 2800
1586 2695 1650 2802
1686 2693 1750 2798
1777 2698 1850 2805
1870 2700 1936 2811
