348 189 398 269
412 192 462 278
476 200 523 275
609 186 662 272
679 192 729 278
740 192 793 281
870 183 923 269
937 189 984 269
1073 194 1118 275
1131 194 1181 272
1340 192 1387 275
1398 189 1448 283
1465 189 1515 278
1598 194 1651 281
1668 186 1723 283
1731 200 1781 286
1873 186 1920 289
1937 189 1984 289
218 411 259 494
281 414 329 500
351 414 390 497
470 414 523 492
537 417 587 489
670 414 720 503
734 417 781 500
865 414 912 494
929 408 981 489
1001 411 1043 492
1140 414 1181 500
1195 417 1254 503
1265 417 1312 506
1326 417 1373 497
215 628 259 708
270 625 323 714
337 622 376 714
470 631 515 714
534 631 587 714
604 633 645 714
737 628 784 711
801 625 856 717
868 628 915 717
998 631 1048 714
1056 631 1112 717
1123 631 1173 719
1262 642 1309 719
1331 639 1373 719
1398 642 1445 722
212 850 254 928
276 842 323 933
343 844 381 933
470 847 515 933
534 856 573 933
670 853 715 931
731 853 773 931
868 856 912 936
929 850 981 936
1004 850 1043 933
1126 856 1176 942
1198 856 1243 944
1268 858 1312 939
1329 856 1379 942
209 1067 256 1144
276 1064 323 1156
337 1064 384 1153
470 1072 512 1156
537 1067 584 1161
601 1069 648 1158
734 1078 781 1156
801 1075 851 1158
868 1075 912 1156
1001 1081 1048 1161
1065 1081 1109 1158
1131 1078 1179 1158
1265 1081 1309 1161
1323 1078 1379 1164
1395 1075 1448 1161
1459 1072 1509 1167
337 1503 384 1581
404 1503 448 1583
534 1511 584 1589
601 1508 648 1592
665 1511 709 1586
865 1511 918 1589
923 1506 973 1600
993 1511 1040 1592
1123 1514 1176 1600
1195 1517 1243 1600
1256 1517 1312 1603
201 1728 251 1806
268 1728 318 1808
331 1725 379 1808
468 1731 515 1811
531 1728 579 1811
593 1725 640 1817
731 1733 779 1811
793 1733 845 1814
865 1728 909 1814
993 1733 1048 1814
1056 1733 1106 1819
1123 1733 1176 1819
1256 1739 1312 1819
1320 1736 1373 1822
1387 1733 1431 1819
1445 1728 1498 1822
209 1942 256 2028
270 1944 320 2036
337 1947 381 2022
462 1947 515 2028
531 1950 579 2025
598 1950 645 2028
734 1956 776 2031
795 1950 843 2031
859 1953 906 2033
995 1950 1043 2036
1054 1956 1095 2036
1187 1950 1240 2039
1254 1953 1304 2042
1315 1950 1362 2039
1390 1950 1434 2039
212 2161 262 2244
273 2161 326 2244
337 2161 387 2250
470 2167 518 2244
537 2164 587 2236
604 2169 648 2239
734 2169 781 2239
793 2172 845 2253
862 2167 912 2250
995 2172 1043 2253
1054 2169 1106 2256
1123 2167 1168 2256
1256 2172 1306 2244
1326 2169 1370 2258
1384 2178 1426 2258
1456 2178 1501 2258
218 2378 259 2450
279 2381 326 2453
337 2386 384 2456
476 2375 512 2453
537 2381 581 2456
604 2386 654 2461
737 2381 776 2461
801 2383 848 2461
859 2381 904 2467
993 2389 1034 2461
1054 2386 1104 2467
1123 2389 1168 2472
1254 2394 1301 2464
1315 2397 1365 2472
1379 2394 1420 2467
1445 2397 1498 2475
354 2794 398 2867
415 2792 462 2875
476 2806 515 2875
606 2806 651 2878
670 2808 718 2883
673 2811 720 2886
734 2814 773 2889
865 2808 912 2886
929 2811 973 2889
984 2819 1034 2894
1118 2819 1165 2897
1190 2819 1240 2903
1256 2822 1301 2903
1381 2828 1426 2911
1445 2828 1490 2914
1509 2831 1559 2911
2493 2839 2540 2911
2554 2833 2598 2911
2618 2833 2665 2919
