39 334 49 349
52 334 61 349
27 333 37 348
63 334 73 349
87 334 97 348
99 334 109 348
111 334 121 348
123 333 133 348
136 334 145 348
148 334 157 348
159 334 169 348
183 333 193 348
196 334 206 348
208 334 218 348
220 334 230 348
232 333 242 348
244 332 254 348
268 333 279 347
281 332 291 348
293 332 303 347
306 332 315 348
318 332 328 347
330 332 340 348
355 332 364 348
367 332 376 346
379 331 388 347
391 331 401 346
404 331 414 345
221 362 232 376
209 362 219 377
196 361 206 377
184 362 193 377
160 363 170 378
148 362 158 378
136 362 146 378
124 362 135 378
28 363 38 378
39 363 49 378
52 363 61 378
64 363 73 378
75 362 85 377
87 363 97 378
99 363 110 377
