324 145 363 216
384 141 424 224
443 145 482 222
571 143 618 222
641 145 682 218
700 143 745 216
835 141 878 214
894 139 941 220
953 135 1004 216
1086 137 1135 212
1157 139 1202 220
1216 143 1261 220
1416 141 1463 216
1480 135 1524 216
1616 129 1659 212
1676 131 1722 216
1745 137 1784 218
1871 135 1918 212
1937 137 1986 218
2000 135 2047 218
188 363 231 443
247 357 298 441
316 363 357 443
441 357 490 441
506 357 557 443
569 359 614 443
698 359 745 435
761 359 806 439
896 351 941 433
959 353 1004 437
1024 355 1063 437
1153 357 1204 437
1218 349 1265 441
1280 353 1327 441
1349 353 1402 441
182 576 235 657
245 571 294 661
310 576 355 661
437 576 484 657
502 571 553 659
571 576 614 657
692 576 743 659
755 569 808 659
827 578 873 659
951 571 1006 647
1022 571 1073 649
1086 567 1129 647
1212 573 1261 647
1280 571 1329 649
1349 567 1388 649
1408 571 1457 651
178 792 227 871
243 790 290 867
373 794 416 869
433 792 480 867
494 794 541 871
633 790 676 867
698 786 737 871
757 794 798 876
888 790 935 863
959 788 1000 863
1012 784 1063 859
1149 792 1196 873
1222 796 1265 873
1282 794 1322 878
1347 794 1392 880
178 1008 220 1084
237 1004 292 1086
310 1006 351 1080
431 1006 478 1084
500 1008 545 1086
563 1006 608 1086
690 1012 743 1092
761 1012 802 1092
892 1010 935 1088
951 1012 998 1094
1006 1010 1041 1092
1153 1010 1194 1082
1214 1016 1259 1092
1261 1018 1302 1090
1345 1020 1390 1096
306 1437 341 1512
371 1435 412 1512
435 1443 471 1512
563 1441 606 1516
627 1441 669 1512
688 1445 729 1518
824 1443 865 1516
888 1443 939 1516
953 1445 996 1516
1151 1445 1194 1527
1218 1449 1257 1527
1273 1449 1310 1520
1408 1441 1453 1518
1476 1445 1522 1522
1541 1449 1580 1522
1665 1449 1712 1524
1729 1451 1776 1527
1782 1447 1820 1531
171 1653 214 1733
237 1653 282 1735
294 1653 343 1735
427 1655 478 1735
498 1655 543 1733
559 1653 604 1729
694 1657 735 1733
757 1661 802 1741
818 1665 857 1737
953 1657 998 1737
1018 1663 1067 1735
1084 1663 1120 1735
1214 1661 1259 1733
1280 1661 1324 1739
1341 1661 1382 1739
1404 1659 1443 1739
178 1867 214 1941
237 1867 284 1947
306 1873 345 1945
433 1871 476 1943
494 1873 543 1947
563 1873 610 1951
694 1871 741 1951
753 1873 800 1951
888 1871 931 1947
951 1867 998 1953
1012 1873 1057 1953
1145 1876 1192 1957
1210 1880 1259 1957
1271 1878 1314 1959
1339 1871 1392 1961
176 2086 220 2155
239 2086 286 2163
302 2082 349 2159
429 2086 473 2165
500 2088 545 2163
557 2094 598 2161
690 2092 731 2163
751 2086 802 2165
818 2088 861 2163
943 2090 998 2165
1012 2090 1063 2167
1080 2092 1122 2167
1212 2094 1255 2169
1271 2090 1320 2173
1343 2094 1386 2169
1400 2088 1457 2169
184 2296 222 2373
241 2292 288 2367
304 2298 351 2367
435 2298 476 2376
500 2296 543 2380
559 2300 606 2376
698 2300 733 2376
759 2308 798 2384
818 2306 865 2386
955 2306 994 2376
1018 2306 1065 2378
1080 2302 1118 2382
1206 2304 1255 2386
1273 2310 1324 2394
1337 2308 1376 2392
1402 2312 1449 2400
316 2712 359 2790
380 2716 422 2796
435 2722 480 2798
573 2716 614 2796
635 2720 682 2802
700 2731 739 2806
820 2731 867 2806
890 2729 929 2810
949 2735 982 2808
1069 2735 1124 2818
1145 2739 1186 2818
1204 2739 1253 2816
1339 2733 1386 2814
1396 2739 1449 2822
1463 2743 1514 2824
2440 2753 2487 2833
2501 2753 2551 2825
