259,174,304,174,304,252,259,252,
326,174,367,174,367,248,326,248,
387,174,424,174,424,248,387,248,
520,169,565,169,565,244,520,244,
583,169,630,169,630,246,583,246,
648,172,687,172,687,244,648,244,
783,161,828,161,828,239,783,239,
850,167,894,167,894,241,850,241,
919,165,961,165,961,237,919,237,
1115,172,1165,172,1165,248,1115,248,
1181,170,1226,170,1226,248,1181,248,
1311,167,1357,167,1357,252,1311,252,
1381,170,1426,170,1426,259,1381,259,
1456,176,1493,176,1493,254,1456,254,
126,391,172,391,172,469,126,469,
193,394,235,394,235,467,193,467,
259,394,298,394,298,469,259,469,
387,389,431,389,431,461,387,461,
454,391,500,391,500,465,454,465,
520,389,557,389,557,465,520,465,
650,391,693,391,693,467,650,467,
713,389,759,389,759,469,713,469,
785,391,826,391,826,461,785,461,
919,389,954,389,954,459,919,459,
981,391,1024,391,1024,463,981,463,
1048,391,1089,391,1089,459,1048,459,
1183,396,1228,396,1228,469,1183,469,
1250,396,1291,396,1291,465,1250,465,
1383,398,1426,398,1426,470,1383,470,
1448,398,1493,398,1493,478,1448,478,
1515,402,1554,402,1554,472,1515,472,
1644,393,1689,393,1689,478,1644,478,
1713,398,1757,398,1757,483,1713,483,
1781,400,1819,400,1819,480,1781,480,
1848,398,1891,398,1891,474,1848,474,
131,620,174,620,174,687,131,687,
196,620,235,620,235,683,196,683,
324,609,367,609,367,685,324,685,
393,613,431,613,431,681,393,681,
519,609,563,609,563,683,519,683,
585,609,624,609,624,687,585,687,
646,611,689,611,689,689,646,689,
780,606,828,606,828,683,780,683,
846,604,893,604,893,683,846,683,
917,609,961,609,961,683,917,683,
1046,611,1091,611,1091,683,1046,683,
1113,613,1161,613,1161,687,1113,687,
1178,615,1220,615,1220,683,1178,683,
1311,609,1359,609,1359,691,1311,691,
1378,619,1428,619,1428,694,1378,694,
1446,617,1491,617,1491,696,1446,696,
1574,620,1624,620,1624,700,1574,700,
1643,615,1691,615,1691,704,1643,704,
1709,622,1748,622,1748,698,1709,698,
1780,624,1826,624,1826,702,1780,702,
120,828,172,828,172,906,120,906,
194,826,241,826,241,911,194,911,
263,831,304,831,304,906,263,906,
383,833,431,833,431,909,383,909,
452,833,494,833,494,907,452,907,
583,831,630,831,630,911,583,911,
646,831,693,831,693,913,646,913,
711,835,756,835,756,911,711,911,
854,837,898,837,898,915,854,915,
911,833,965,833,965,913,911,913,
981,831,1030,831,1030,911,981,911,
1113,833,1157,833,1157,913,1113,913,
1176,843,1226,843,1226,919,1176,919,
1246,843,1291,843,1291,917,1246,917,
1378,841,1426,841,1426,920,1378,920,
1448,843,1496,843,1496,920,1448,920,
1515,846,1556,846,1556,922,1515,922,
1643,846,1687,846,1687,922,1643,922,
1711,841,1756,841,1756,922,1711,922,
1778,844,1820,844,1820,920,1778,920,
1841,843,1883,843,1883,924,1841,924,
124,1050,170,1050,170,1126,124,1126,
191,1052,237,1052,237,1124,191,1124,
256,1048,298,1048,298,1122,256,1122,
385,1056,431,1056,431,1128,385,1128,
450,1057,494,1057,494,1131,450,1131,
515,1057,556,1057,556,1128,515,1128,
650,1056,687,1056,687,1130,650,1130,
719,1054,761,1054,761,1133,719,1133,
783,1057,828,1057,828,1126,783,1126,
913,1056,959,1056,959,1131,913,1131,
981,1054,1026,1054,1026,1135,981,1135,
1048,1057,1091,1057,1091,1133,1048,1133,
1178,1061,1222,1061,1222,1139,1178,1139,
1250,1065,1293,1065,1293,1139,1250,1139,
1315,1061,1357,1061,1357,1139,1315,1139,
1439,1061,1491,1061,1491,1146,1439,1146,
1507,1067,1552,1067,1552,1143,1507,1143,
1572,1063,1613,1063,1613,1146,1572,1146,
1700,1067,1750,1067,1750,1146,1700,1146,
1772,1063,1820,1063,1820,1146,1772,1146,
1839,1063,1876,1063,1876,1143,1839,1143,
1907,1069,1948,1069,1948,1150,1907,1150,
259,1491,296,1491,296,1563,259,1563,
319,1493,370,1493,370,1569,319,1569,
387,1496,428,1496,428,1563,387,1563,
519,1493,565,1493,565,1563,519,1563,
583,1494,628,1494,628,1561,583,1561,
783,1493,830,1493,830,1570,783,1570,
852,1493,889,1493,889,1567,852,1567,
983,1496,1024,1496,1024,1569,983,1569,
1048,1491,1093,1491,1093,1570,1048,1570,
1113,1502,1148,1502,1148,1572,1113,1572,
1239,1496,1291,1496,1291,1572,1239,1572,
1307,1498,1361,1498,1361,1574,1307,1574,
1376,1498,1413,1498,1413,1572,1376,1572,
124,1707,167,1707,167,1783,124,1783,
193,1704,237,1704,237,1781,193,1781,
256,1715,296,1715,296,1783,256,1783,
391,1715,433,1715,433,1781,391,1781,
450,1707,502,1707,502,1785,450,1785,
519,1717,557,1717,557,1787,519,1787,
652,1715,694,1715,694,1783,652,1783,
715,1711,763,1711,763,1787,715,1787,
785,1715,830,1715,830,1783,785,1783,
911,1711,961,1711,961,1789,911,1789,
978,1711,1026,1711,1026,1787,978,1787,
1043,1715,1087,1715,1087,1793,1043,1793,
1176,1713,1224,1713,1224,1793,1176,1793,
1246,1709,1293,1709,1293,1794,1246,1794,
1311,1715,1356,1715,1356,1794,1311,1794,
1441,1720,1480,1720,1480,1794,1441,1794,
1502,1720,1554,1720,1554,1798,1502,1798,
1567,1724,1606,1724,1606,1796,1567,1796,
1700,1719,1746,1719,1746,1793,1700,1793,
1763,1717,1813,1717,1813,1793,1763,1793,
1831,1717,1870,1717,1870,1794,1831,1794,
1898,1720,1939,1720,1939,1793,1898,1793,
130,1920,169,1920,169,2000,130,2000,
194,1928,237,1928,237,2002,194,2002,
257,1937,304,1937,304,2004,257,2004,
389,1933,435,1933,435,2006,389,2006,
456,1931,500,1931,500,2007,456,2007,
519,1935,563,1935,563,2000,519,2000,
650,1928,698,1928,698,2007,650,2007,
719,1931,763,1931,763,2009,719,2009,
781,1931,826,1931,826,2009,781,2009,
917,1931,963,1931,963,2006,917,2006,
983,1928,1026,1928,1026,2007,983,2007,
1046,1930,1087,1930,1087,2007,1046,2007,
1176,1930,1224,1930,1224,2007,1176,2007,
1244,1930,1291,1930,1291,2007,1244,2007,
1311,1931,1350,1931,1350,2007,1311,2007,
1435,1930,1483,1930,1483,2011,1435,2011,
1506,1931,1548,1931,1548,2015,1506,2015,
1574,1937,1613,1937,1613,2011,1574,2011,
1702,1935,1744,1935,1744,2007,1702,2007,
1767,1933,1813,1933,1813,2011,1767,2011,
1828,1935,1870,1935,1870,2009,1828,2009,
1900,1941,1946,1941,1946,2015,1900,2015,
130,2141,176,2141,176,2219,130,2219,
194,2141,241,2141,241,2215,194,2215,
257,2144,294,2144,294,2217,257,2217,
394,2146,433,2146,433,2217,394,2217,
456,2143,502,2143,502,2217,456,2217,
528,2148,569,2148,569,2220,528,2220,
654,2144,696,2144,696,2220,654,2220,
719,2152,763,2152,763,2230,719,2230,
789,2150,826,2150,826,2226,789,2226,
917,2146,957,2146,957,2220,917,2220,
983,2146,1024,2146,1024,2222,983,2222,
1042,2149,1076,2149,1076,2224,1042,2224,
1182,2150,1222,2150,1222,2224,1182,2224,
1243,2150,1275,2150,1275,2226,1243,2226,
1371,2150,1418,2150,1418,2228,1371,2228,
1438,2151,1482,2151,1482,2225,1438,2225,
1510,2153,1549,2153,1549,2224,1510,2224,
1639,2158,1680,2158,1680,2234,1639,2234,
1700,2156,1745,2156,1745,2231,1700,2231,
1772,2158,1814,2158,1814,2230,1772,2230,
1836,2153,1878,2153,1878,2231,1836,2231,
130,2363,175,2363,175,2438,130,2438,
198,2361,244,2361,244,2438,198,2438,
263,2364,305,2364,305,2433,263,2433,
395,2361,431,2361,431,2433,395,2433,
463,2359,505,2359,505,2434,463,2434,
533,2363,566,2363,566,2434,533,2434,
656,2366,698,2366,698,2436,656,2436,
716,2367,764,2367,764,2438,716,2438,
783,2369,820,2369,820,2436,783,2436,
917,2366,956,2366,956,2431,917,2431,
978,2369,1023,2369,1023,2436,978,2436,
1044,2372,1086,2372,1086,2438,1044,2438,
1177,2366,1220,2366,1220,2445,1177,2445,
1244,2373,1286,2373,1286,2445,1244,2445,
1309,2373,1348,2373,1348,2444,1309,2444,
1438,2370,1481,2370,1481,2448,1438,2448,
1505,2377,1547,2377,1547,2450,1505,2450,
1567,2380,1602,2380,1602,2450,1567,2450,
1698,2377,1742,2377,1742,2455,1698,2455,
1766,2375,1811,2375,1811,2450,1766,2450,
1827,2380,1864,2380,1864,2448,1827,2448,
1894,2383,1936,2383,1936,2452,1894,2452,
268,2793,308,2793,308,2863,268,2863,
328,2788,375,2788,375,2865,328,2865,
393,2785,438,2785,438,2865,393,2865,
526,2785,570,2785,570,2856,526,2856,
591,2794,633,2794,633,2863,591,2863,
654,2798,693,2798,693,2867,654,2867,
787,2794,824,2794,824,2865,787,2865,
850,2794,891,2794,891,2872,850,2872,
909,2802,948,2802,948,2870,909,2870,
1039,2796,1087,2796,1087,2876,1039,2876,
1111,2802,1154,2802,1154,2878,1111,2878,
1176,2807,1215,2807,1215,2872,1176,2872,
1306,2809,1348,2809,1348,2872,1306,2872,
1369,2811,1415,2811,1415,2887,1369,2887,
1433,2815,1478,2815,1478,2881,1433,2881,
2409,2806,2454,2806,2454,2881,2409,2881,
2472,2807,2513,2807,2513,2881,2472,2881,
2533,2804,2585,2804,2585,2880,2533,2880,
