298,180,346,180,346,257,298,257,
365,187,409,187,409,257,365,257,
428,187,467,187,467,257,428,257,
561,181,606,181,606,259,561,259,
624,183,674,183,674,257,624,257,
693,185,728,185,728,259,693,259,
820,181,869,181,869,256,820,256,
889,185,930,185,930,254,889,254,
1015,181,1065,181,1065,261,1015,261,
1083,183,1124,183,1124,259,1083,259,
1144,187,1187,187,1187,259,1144,259,
1344,185,1387,185,1387,257,1344,257,
1413,189,1457,189,1457,265,1413,265,
1476,193,1515,193,1515,263,1476,263,
1611,191,1650,191,1650,265,1611,265,
1676,194,1717,194,1717,265,1676,265,
1744,198,1780,198,1780,263,1744,263,
174,407,217,407,217,483,174,483,
241,411,278,411,278,476,241,476,
365,402,411,402,411,472,365,472,
430,402,470,402,470,474,430,474,
494,402,535,402,535,470,494,470,
620,400,663,400,663,474,620,474,
685,404,722,404,722,472,685,472,
819,396,863,396,863,467,819,467,
883,396,928,396,928,470,883,470,
948,400,987,400,987,470,948,470,
1078,404,1124,404,1124,481,1078,481,
1152,406,1194,406,1194,480,1152,480,
1213,413,1254,413,1254,476,1213,476,
1341,409,1389,409,1389,480,1341,480,
1407,406,1452,406,1452,485,1407,485,
1474,407,1517,407,1517,476,1474,476,
1604,411,1650,411,1650,483,1604,483,
1670,409,1717,409,1717,487,1670,487,
1733,417,1770,417,1770,485,1733,485,
1806,417,1848,417,1848,487,1806,487,
176,620,213,620,213,693,176,693,
239,622,281,622,281,691,239,691,
300,624,335,624,335,693,300,693,
430,622,472,622,472,693,430,693,
493,617,537,617,537,693,493,693,
557,624,596,624,596,694,557,694,
685,619,733,619,733,696,685,696,
750,622,794,622,794,694,750,694,
880,619,924,619,924,694,880,694,
948,624,989,624,989,693,948,693,
1017,624,1057,624,1057,687,1017,687,
1148,622,1194,622,1194,693,1148,693,
1213,626,1261,626,1261,700,1213,700,
1281,630,1322,630,1322,698,1281,698,
1407,626,1450,626,1450,696,1407,696,
1474,630,1520,630,1520,706,1474,706,
1539,630,1576,630,1576,700,1539,700,
1670,630,1713,630,1713,704,1670,704,
1737,631,1780,631,1780,706,1737,706,
1800,633,1835,633,1835,707,1800,707,
1867,639,1915,639,1915,707,1867,707,
172,839,213,839,213,913,172,913,
237,839,281,839,281,911,237,911,
298,844,333,844,333,909,298,909,
426,839,470,839,470,911,426,911,
489,841,533,841,533,913,489,913,
556,844,593,844,593,913,556,913,
685,839,728,839,728,909,685,909,
748,843,793,843,793,917,748,917,
815,844,852,844,852,915,815,915,
948,846,993,846,993,919,948,919,
1017,852,1056,852,1056,919,1017,919,
1144,848,1194,848,1194,920,1144,920,
1211,846,1254,846,1254,920,1211,920,
1278,848,1315,848,1315,919,1278,919,
1406,848,1452,848,1452,919,1406,919,
1472,852,1519,852,1519,928,1472,928,
1537,856,1570,856,1570,924,1537,924,
1669,856,1715,856,1715,922,1669,922,
1733,854,1778,854,1778,926,1733,926,
1800,857,1843,857,1843,922,1800,922,
1867,859,1907,859,1907,926,1867,926,
174,1057,217,1057,217,1130,174,1130,
241,1061,276,1061,276,1126,241,1126,
361,1054,406,1054,406,1128,361,1128,
426,1056,469,1056,469,1133,426,1133,
493,1059,533,1059,533,1130,493,1130,
622,1059,663,1059,663,1126,622,1126,
681,1059,730,1059,730,1133,681,1133,
748,1067,791,1067,791,1131,748,1131,
881,1063,928,1063,928,1130,881,1130,
948,1063,994,1063,994,1139,948,1139,
1009,1069,1052,1069,1052,1135,1009,1135,
1144,1061,1189,1061,1189,1137,1144,1137,
1211,1067,1257,1067,1257,1143,1211,1143,
1276,1069,1319,1069,1319,1139,1276,1139,
1404,1070,1444,1070,1444,1144,1404,1144,
1470,1067,1519,1067,1519,1148,1470,1148,
1539,1074,1576,1074,1576,1143,1539,1143,
1663,1070,1706,1070,1706,1141,1663,1141,
1728,1070,1776,1070,1776,1148,1728,1148,
1793,1076,1830,1076,1830,1143,1793,1143,
1857,1085,1900,1085,1900,1148,1857,1148,
300,1487,339,1487,339,1559,300,1559,
363,1487,406,1487,406,1561,363,1561,
428,1491,470,1491,470,1559,428,1559,
556,1491,602,1491,602,1565,556,1565,
624,1496,663,1496,663,1563,624,1563,
752,1494,791,1494,791,1567,752,1567,
817,1493,863,1493,863,1567,817,1567,
883,1493,922,1493,922,1563,883,1563,
1011,1494,1057,1494,1057,1567,1011,1567,
1078,1498,1120,1498,1120,1569,1078,1569,
1146,1502,1185,1502,1185,1567,1146,1567,
1274,1498,1319,1498,1319,1574,1274,1574,
1341,1500,1381,1500,1381,1576,1341,1576,
1465,1498,1509,1498,1509,1572,1465,1572,
1531,1500,1578,1500,1578,1578,1531,1578,
1596,1506,1637,1506,1637,1578,1596,1578,
1728,1500,1772,1500,1772,1574,1728,1574,
1793,1506,1839,1506,1839,1580,1793,1580,
1852,1507,1893,1507,1893,1581,1852,1581,
1991,1507,2031,1507,2031,1580,1991,1580,
2052,1509,2100,1509,2100,1581,2052,1581,
2119,1515,2159,1515,2159,1585,2119,1585,
2252,1509,2296,1509,2296,1583,2252,1583,
2317,1509,2359,1509,2359,1583,2317,1583,
2381,1515,2422,1515,2422,1583,2381,1583,
2574,1513,2622,1513,2622,1591,2574,1591,
2639,1515,2678,1515,2678,1589,2639,1589,
167,1704,213,1704,213,1780,167,1780,
228,1706,270,1706,270,1774,228,1774,
165,1915,209,1915,209,1985,165,1985,
231,1919,276,1919,276,1989,231,1989,
294,1920,331,1920,331,1989,294,1989,
420,1920,463,1920,463,1993,420,1993,
487,1924,531,1924,531,1994,487,1994,
554,1930,593,1930,593,1991,554,1991,
683,1926,726,1926,726,2002,683,2002,
752,1931,791,1931,791,1996,752,1996,
878,1924,920,1924,920,1998,878,1998,
944,1928,985,1928,985,2002,944,2002,
1004,1931,1043,1931,1043,2000,1004,2000,
1133,1928,1183,1928,1183,2006,1133,2006,
1204,1933,1243,1933,1243,2006,1204,2006,
1335,1933,1376,1933,1376,2007,1335,2007,
1398,1939,1439,1939,1439,2004,1398,2004,
1530,1933,1570,1933,1570,2009,1530,2009,
1594,1935,1639,1935,1639,2011,1594,2011,
1657,1943,1698,1943,1698,2009,1657,2009,
1724,1939,1767,1939,1767,2009,1724,2009,
169,2128,211,2128,211,2204,169,2204,
231,2133,276,2133,276,2207,231,2207,
294,2135,337,2135,337,2204,294,2204,
422,2133,470,2133,470,2211,422,2211,
489,2137,531,2137,531,2211,489,2211,
548,2143,581,2143,581,2209,548,2209,
681,2141,722,2141,722,2211,681,2211,
744,2143,789,2143,789,2217,744,2217,
809,2148,844,2148,844,2213,809,2213,
943,2143,981,2143,981,2211,943,2211,
1006,2141,1048,2141,1048,2213,1006,2213,
1069,2143,1104,2143,1104,2211,1069,2211,
1198,2144,1243,2144,1243,2217,1198,2217,
1263,2144,1307,2144,1307,2219,1263,2219,
1328,2148,1372,2148,1372,2215,1328,2215,
1463,2146,1506,2146,1506,2226,1463,2226,
1526,2148,1569,2148,1569,2224,1526,2224,
1585,2152,1628,2152,1628,2226,1585,2226,
1720,2154,1765,2154,1765,2220,1720,2220,
1785,2156,1833,2156,1833,2228,1785,2228,
1854,2159,1889,2159,1889,2228,1854,2228,
1920,2161,1967,2161,1967,2233,1920,2233,
167,2346,211,2346,211,2419,167,2419,
228,2352,265,2352,265,2417,228,2417,
359,2352,400,2352,400,2419,359,2419,
420,2352,461,2352,461,2426,420,2426,
481,2357,519,2357,519,2424,481,2424,
615,2356,657,2356,657,2430,615,2430,
678,2367,722,2367,722,2430,678,2430,
739,2367,778,2367,778,2431,739,2431,
872,2359,917,2359,917,2424,872,2424,
935,2361,978,2361,978,2433,935,2433,
1004,2367,1044,2367,1044,2433,1004,2433,
1133,2367,1176,2367,1176,2437,1133,2437,
1196,2367,1241,2367,1241,2441,1196,2441,
1256,2372,1298,2372,1298,2439,1256,2439,
1391,2369,1435,2369,1435,2443,1391,2443,
1457,2370,1504,2370,1504,2448,1457,2448,
1519,2372,1563,2372,1563,2448,1519,2448,
1652,2374,1698,2374,1698,2450,1652,2450,
1720,2374,1763,2374,1763,2444,1720,2444,
1787,2374,1828,2374,1828,2448,1787,2448,
1850,2372,1894,2372,1894,2450,1850,2450,
159,2563,206,2563,206,2633,159,2633,
226,2561,272,2561,272,2637,226,2637,
291,2569,337,2569,337,2639,291,2639,
420,2569,465,2569,465,2637,420,2637,
487,2569,528,2569,528,2641,487,2641,
546,2572,585,2572,585,2641,546,2641,
681,2572,722,2572,722,2641,681,2641,
744,2574,785,2574,785,2646,744,2646,
804,2583,846,2583,846,2646,804,2646,
935,2578,980,2578,980,2650,935,2650,
996,2581,1041,2581,1041,2654,996,2654,
1133,2581,1176,2581,1176,2648,1133,2648,
1196,2578,1244,2578,1244,2657,1196,2657,
1265,2583,1306,2583,1306,2652,1265,2652,
1393,2585,1435,2585,1435,2663,1393,2663,
1459,2587,1502,2587,1502,2665,1459,2665,
1585,2585,1633,2585,1633,2667,1585,2667,
1652,2587,1698,2587,1698,2674,1652,2674,
1713,2591,1757,2591,1757,2669,1713,2669,
1781,2593,1826,2593,1826,2665,1781,2665,
291,2780,331,2780,331,2843,291,2843,
356,2783,396,2783,396,2854,356,2854,
419,2787,454,2787,454,2850,419,2850,
552,2783,593,2783,593,2850,552,2850,
617,2789,659,2789,659,2859,617,2859,
678,2796,715,2796,715,2859,678,2859,
806,2789,848,2789,848,2856,806,2856,
870,2787,911,2787,911,2865,870,2865,
931,2798,970,2798,970,2863,931,2863,
1065,2796,1109,2796,1109,2870,1065,2870,
1130,2800,1174,2800,1174,2876,1130,2876,
1194,2800,1237,2800,1237,2869,1194,2869,
1324,2802,1369,2802,1369,2872,1324,2872,
1389,2802,1435,2802,1435,2878,1389,2878,
1454,2804,1498,2804,1498,2870,1454,2870,
2426,2804,2474,2804,2474,2883,2426,2883,
2493,2807,2533,2807,2533,2880,2493,2880,
2557,2811,2602,2811,2602,2880,2557,2880,
