256,163,300,163,300,241,256,241,
324,163,369,163,369,235,324,235,
389,165,426,165,426,237,389,237,
526,159,569,159,569,233,526,233,
593,159,637,159,637,233,593,233,
654,157,698,157,698,231,654,231,
789,154,839,154,839,233,789,233,
857,154,902,154,902,224,857,224,
998,154,1039,154,1039,228,998,228,
1059,154,1107,154,1107,230,1059,230,
1128,156,1170,156,1170,228,1128,228,
1333,154,1380,154,1380,231,1333,231,
1402,154,1448,154,1448,235,1402,235,
1472,152,1517,152,1517,233,1472,233,
1604,159,1646,159,1646,237,1604,237,
1674,154,1719,154,1719,233,1674,233,
1743,161,1780,161,1780,230,1743,230,
1878,163,1917,163,1917,233,1878,233,
1944,159,1991,159,1991,239,1944,239,
2004,165,2043,165,2043,235,2004,235,
131,396,174,396,174,467,131,467,
200,393,246,393,246,469,200,469,
267,391,306,391,306,461,267,461,
391,387,435,387,435,463,391,463,
459,387,506,387,506,467,459,467,
526,385,569,385,569,461,526,461,
659,383,706,383,706,461,659,461,
726,387,770,387,770,465,726,465,
793,387,830,387,830,463,793,463,
931,381,972,381,972,456,931,456,
996,383,1044,383,1044,457,996,457,
1063,389,1100,389,1100,456,1063,456,
1206,380,1248,380,1248,456,1206,456,
1269,378,1319,378,1319,457,1269,457,
1339,383,1380,383,1380,454,1339,454,
1472,378,1519,378,1519,452,1472,452,
1537,381,1587,381,1587,456,1537,456,
1613,385,1652,385,1652,457,1613,457,
1739,383,1787,383,1787,463,1739,463,
1811,381,1857,381,1857,459,1811,459,
1874,383,1913,383,1913,457,1874,457,
1943,387,1983,387,1983,459,1943,459,
137,619,180,619,180,694,137,694,
200,619,244,619,244,693,200,693,
265,622,302,622,302,693,265,693,
400,615,446,615,446,694,400,694,
465,617,502,617,502,689,465,689,
593,617,635,617,635,687,593,687,
657,619,700,619,700,691,657,691,
796,615,833,615,833,683,796,683,
865,607,913,607,913,685,865,685,
931,609,974,609,974,680,931,680,
1063,611,1109,611,1109,687,1063,687,
1131,609,1180,609,1180,685,1131,685,
1202,613,1246,613,1246,681,1202,681,
1335,613,1383,613,1383,683,1335,683,
1406,611,1452,611,1452,685,1406,685,
1469,609,1507,609,1507,685,1469,685,
1607,611,1652,611,1652,687,1607,687,
1674,613,1724,613,1724,687,1674,687,
1741,615,1778,615,1778,687,1741,687,
1807,617,1852,617,1852,689,1807,689,
139,844,183,844,183,919,139,919,
204,852,237,852,237,917,204,917,
335,843,376,843,376,911,335,911,
398,841,444,841,444,913,398,913,
463,843,498,843,498,913,463,913,
598,837,643,837,643,915,598,915,
667,839,709,839,709,911,667,911,
730,841,769,841,769,911,730,911,
869,841,907,841,907,913,869,913,
933,839,980,839,980,913,933,913,
1004,843,1044,843,1044,915,1004,915,
1131,839,1180,839,1180,915,1131,915,
1204,843,1246,843,1246,911,1204,911,
1278,844,1317,844,1317,913,1278,913,
1404,841,1450,841,1450,915,1404,915,
1472,844,1519,844,1519,915,1472,915,
1537,850,1574,850,1574,915,1537,915,
1670,841,1720,841,1720,911,1670,911,
1743,841,1787,841,1787,911,1743,911,
1815,843,1852,843,1852,911,1815,911,
1874,841,1917,841,1917,913,1874,913,
143,1063,187,1063,187,1139,143,1139,
207,1063,254,1063,254,1141,207,1141,
278,1067,315,1067,315,1143,278,1143,
402,1065,450,1065,450,1143,402,1143,
470,1069,515,1069,515,1141,470,1141,
600,1065,646,1065,646,1139,600,1139,
669,1063,715,1063,715,1143,669,1143,
739,1069,781,1069,781,1148,739,1148,
870,1065,917,1065,917,1139,870,1139,
937,1067,983,1067,983,1144,937,1144,
1009,1069,1050,1069,1050,1137,1009,1137,
1135,1061,1183,1061,1183,1143,1135,1143,
1209,1061,1254,1061,1254,1144,1209,1144,
1274,1065,1313,1065,1313,1144,1274,1144,
1407,1061,1446,1061,1446,1135,1407,1135,
1474,1067,1520,1067,1520,1141,1474,1141,
1544,1069,1583,1069,1583,1144,1544,1144,
1670,1063,1717,1063,1717,1141,1670,1141,
1739,1065,1787,1065,1787,1144,1739,1144,
1807,1067,1846,1067,1846,1141,1807,1141,
1874,1070,1919,1070,1919,1144,1874,1144,
281,1506,324,1506,324,1581,281,1581,
343,1506,389,1506,389,1585,343,1585,
409,1509,446,1509,446,1581,409,1581,
543,1504,587,1504,587,1576,543,1576,
607,1507,652,1507,652,1583,607,1583,
676,1509,717,1509,717,1580,676,1580,
880,1507,926,1507,926,1583,880,1583,
943,1507,993,1507,993,1583,943,1583,
1011,1509,1050,1509,1050,1585,1011,1585,
1141,1502,1189,1502,1189,1581,1141,1581,
1209,1506,1257,1506,1257,1583,1209,1583,
1276,1506,1315,1506,1315,1581,1276,1581,
156,1728,198,1728,198,1796,156,1796,
220,1728,267,1728,267,1804,220,1804,
287,1731,326,1731,326,1800,287,1800,
417,1731,457,1731,457,1798,417,1798,
480,1731,528,1731,528,1807,480,1807,
548,1737,587,1737,587,1806,548,1806,
678,1731,724,1731,724,1802,678,1802,
750,1730,794,1730,794,1807,750,1807,
881,1731,922,1731,922,1798,881,1798,
948,1733,993,1733,993,1800,948,1800,
1017,1733,1056,1733,1056,1802,1017,1802,
1146,1731,1193,1731,1193,1804,1146,1804,
1211,1730,1257,1730,1257,1802,1211,1802,
1281,1731,1324,1731,1324,1804,1281,1804,
1406,1726,1456,1726,1456,1804,1406,1804,
1476,1728,1522,1728,1522,1806,1476,1806,
1543,1730,1583,1730,1583,1806,1543,1806,
1672,1730,1720,1730,1720,1804,1672,1804,
1741,1730,1783,1730,1783,1804,1741,1804,
1806,1731,1844,1731,1844,1804,1806,1804,
1874,1730,1913,1730,1913,1802,1874,1802,
163,1946,207,1946,207,2022,163,2022,
222,1946,274,1946,274,2026,222,2026,
289,1948,331,1948,331,2022,289,2022,
422,1946,463,1946,463,2024,422,2024,
487,1948,531,1948,531,2024,487,2024,
552,1950,589,1950,589,2022,552,2022,
685,1946,730,1946,730,2020,685,2020,
750,1950,793,1950,793,2024,750,2024,
817,1959,856,1959,856,2024,817,2024,
950,1952,994,1952,994,2020,950,2020,
1013,1952,1061,1952,1061,2026,1013,2026,
1083,1952,1122,1952,1122,2020,1083,2020,
1215,1948,1257,1948,1257,2026,1215,2026,
1283,1952,1324,1952,1324,2022,1283,2022,
1411,1944,1457,1944,1457,2019,1411,2019,
1478,1943,1524,1943,1524,2022,1478,2022,
1544,1948,1589,1948,1589,2017,1544,2017,
1678,1948,1720,1948,1720,2028,1678,2028,
1743,1946,1787,1946,1787,2022,1743,2022,
1806,1950,1844,1950,1844,2024,1806,2024,
1876,1956,1920,1956,1920,2028,1876,2028,
169,2167,209,2167,209,2239,169,2239,
231,2169,274,2169,274,2241,231,2241,
296,2169,337,2169,337,2241,296,2241,
424,2165,467,2165,467,2241,424,2241,
485,2165,531,2165,531,2239,485,2239,
557,2167,598,2167,598,2239,557,2239,
683,2167,730,2167,730,2243,683,2243,
750,2170,793,2170,793,2243,750,2243,
824,2176,861,2176,861,2241,824,2241,
952,2165,991,2165,991,2237,952,2237,
1017,2165,1061,2165,1061,2239,1017,2239,
1083,2169,1124,2169,1124,2239,1083,2239,
1215,2170,1257,2170,1257,2243,1215,2243,
1281,2165,1324,2165,1324,2241,1281,2241,
1343,2167,1380,2167,1380,2237,1343,2237,
1478,2169,1524,2169,1524,2241,1478,2241,
1544,2167,1589,2167,1589,2243,1544,2243,
1615,2169,1654,2169,1654,2244,1615,2244,
1743,2174,1783,2174,1783,2243,1743,2243,
1807,2169,1854,2169,1854,2248,1807,2248,
1876,2169,1913,2169,1913,2252,1876,2252,
1941,2169,1985,2169,1985,2243,1941,2243,
170,2380,213,2380,213,2448,170,2448,
237,2381,281,2381,281,2456,237,2456,
302,2385,343,2385,343,2456,302,2456,
428,2385,470,2385,470,2456,428,2456,
494,2387,531,2387,531,2456,494,2456,
626,2385,667,2385,667,2457,626,2457,
689,2385,733,2385,733,2459,689,2459,
757,2389,798,2389,798,2457,757,2457,
887,2383,931,2383,931,2457,887,2457,
952,2387,996,2387,996,2459,952,2459,
1017,2391,1057,2391,1057,2461,1017,2461,
1144,2389,1194,2389,1194,2457,1144,2457,
1213,2389,1257,2389,1257,2454,1213,2454,
1344,2387,1391,2387,1391,2461,1344,2461,
1411,2387,1457,2387,1457,2465,1411,2465,
1478,2391,1515,2391,1515,2463,1478,2463,
1611,2387,1650,2387,1650,2463,1611,2463,
1676,2385,1724,2385,1724,2463,1676,2463,
1739,2389,1778,2389,1778,2461,1739,2461,
1807,2393,1856,2393,1856,2469,1807,2469,
307,2811,350,2811,350,2880,307,2880,
372,2813,419,2813,419,2885,372,2885,
435,2817,472,2817,472,2885,435,2885,
567,2815,607,2815,607,2883,567,2883,
633,2815,674,2815,674,2889,633,2889,
693,2822,733,2822,733,2887,693,2887,
824,2809,869,2809,869,2887,824,2887,
893,2815,933,2815,933,2891,893,2891,
952,2819,989,2819,989,2889,952,2889,
1085,2819,1128,2819,1128,2891,1085,2891,
1156,2820,1196,2820,1196,2896,1156,2896,
1219,2822,1259,2822,1259,2889,1219,2889,
1346,2822,1391,2822,1391,2894,1346,2894,
1411,2817,1457,2817,1457,2902,1411,2902,
1478,2824,1520,2824,1520,2893,1478,2893,
2452,2809,2506,2809,2506,2887,2452,2887,
2526,2809,2570,2809,2570,2885,2526,2885,
2589,2813,2635,2813,2635,2883,2589,2883,
